119 231
0 41 53 114
1 12 38 51
2 24 40 83 86 89 92
3 35 37 68
4 7 52 61 72 74 118
5 26 56 60 88 101 111
6 40 108
7 4 25 118
8 36 46 53 55 99
9 17 23 71 75 93 105 108
10 12 78 108
11 44 49 54 73 90 102
12 1 10 58 60 73
13 19 38 57 60 83 96
14 63 74 104 115
15 25 52 65 92 97
16 112
17 9 51
18 20 29 36 99
19 13 26 75
20 18 102 111
21 36 37 79 95
22 37 50 61 67 76 110
23 9 69 73 91 104
24 2 30 78 106
25 7 15 33 57 72
26 5 19 51 98 104 111
27 33 101
28 53 58 96
29 18 106
30 24 41 73 86
31 45 117
32 49 53 57 71 75
33 25 27 65 74 107 108
34 60 98
35 3 54 66 79
36 8 18 21 44 107 108
37 3 21 22 73 89
38 1 13
39 111
40 2 6 64
41 0 30 68 83 115
42 100
43 77 101
44 11 36 93 113
45 31 74 85 106 110
46 8 62 77 114
47 49 61
48 86 90
49 11 32 47 61 87 94 105
50 22 68 72 92 105
51 1 17 26 80
52 4 15 54 61 92 103
53 0 8 28 32 87 106
54 11 35 52
55 8 60 83 99 114
56 5 70 72 87
57 13 25 32 78
58 12 28 98
59 86
60 5 12 13 34 55 65 106
61 4 22 47 49 52 70 76 80
62 46 91 112 116
63 14 113
64 40 86 87
65 15 33 60 74 78
66 35 87
67 22 117
68 3 41 50 73 92
69 23 110
70 56 61
71 9 32 79
72 4 25 50 56 98
73 11 12 23 30 37 68 107
74 4 14 33 45 65
75 9 19 32 82 94
76 22 61 88 103
77 43 46 97 115
78 10 24 57 65 102
79 21 35 71
80 51 61 84
81 103
82 75 87
83 2 13 41 55 97 99
84 80
85 45 111
86 2 30 48 59 64 116
87 49 53 56 64 66 82 116
88 5 76 93 114
89 2 37 98
90 11 48 103 106 108
91 23 62 117
92 2 15 50 52 68
93 9 44 88
94 49 75
95 21 106
96 13 28
97 15 77 83 103
98 26 34 58 72 89 105
99 8 18 55 83
100 42 115
101 5 27 43 103
102 11 20 78
103 52 76 81 90 97 101 112 114
104 14 23 26
105 9 49 50 98 115
106 24 29 45 53 60 90 95
107 33 36 73
108 6 9 10 33 36 90
109
110 22 45 69
111 5 20 26 39 85
112 16 62 103
113 44 63
114 0 46 55 88 103
115 14 41 77 100 105
116 62 86 87
117 31 67 91
118 4 7
