47 86
0 1 2 3 4 5
1 0 2 3 4 5 18 26 32
2 0 1 3 4 5
3 0 1 2 4 5
4 0 1 2 3 5
5 0 1 2 3 4 46
6 7 8 9 10 11 12
7 6 8 9 10 11 12
8 6 7 9 10 11 12 27 43
9 6 7 8 10 11 12
10 6 7 8 9 11 12
11 6 7 8 9 10 12
12 6 7 8 9 10 11
13 14 15 16 17 18 19 20
14 13 15 16 17 18 19 20
15 13 14 16 17 18 19 20
16 13 14 15 17 18 19 20
17 13 14 15 16 18 19 20
18 1 13 14 15 16 17 19 20
19 13 14 15 16 17 18 20
20 13 14 15 16 17 18 19 24
21 22 23 24 25 26
22 21 23 24 25
23 21 22 24 25
24 20 21 22 23 25
25 21 22 23 24 45
26 1 21
27 8 35 40
28 38
29
30
31
32 1
33
34
35 27
36
37
38 28
39
40 27
41
42
43 8
44
45 25
46 5
