118 190
0 1 2 3 4 5 6 7
1 0 2 3 4 5 6 7
2 0 1 3 4 5 6 7
3 0 1 2 4 5 6 7
4 0 1 2 3 5 6 7
5 0 1 2 3 4 6 7 39 94
6 0 1 2 3 4 5 7 110
7 0 1 2 3 4 5 6
8 9 10 11 12 13 14 15 16
9 8 10 11 12 13 14 15 16 102
10 8 9 11 12 13 14 15 16
11 8 9 10 12 13 14 15 16 40
12 8 9 10 11 13 14 15 16
13 8 9 10 11 12 14 15 16 40
14 8 9 10 11 12 13 15 16
15 8 9 10 11 12 13 14 16 25
16 8 9 10 11 12 13 14 15 92
17 18 19 20 21 22 23 24 25 26
18 17 19 20 21 22 23 24 25 26 108
19 17 18 20 21 22 23 24 25 26 37 57
20 17 18 19 21 22 23 24 25 26
21 17 18 19 20 22 23 24 25 26
22 17 18 19 20 21 23 24 25 26
23 17 18 19 20 21 22 24 25 26
24 17 18 19 20 21 22 23 25 26
25 15 17 18 19 20 21 22 23 24 26
26 17 18 19 20 21 22 23 24 25
27 28 29 30 31 32 33
28 27 29 30 31 32 33 41 59
29 27 28 30 31 32 33
30 27 28 29 31 32 33
31 27 28 29 30 32 33 40
32 27 28 29 30 31 33
33 27 28 29 30 31 32 82 103
34 35 36 37 38 39
35 34 36 37 38 39
36 34 35 37 38 39 101 109 111
37 19 34 35 36 38 39 53
38 34 35 36 37 39
39 5 34 35 36 37 38 82
40 11 13 31
41 28 93
42 87
43
44 50
45
46 83
47
48
49
50 44 51
51 50
52 62
53 37 67
54
55
56 82
57 19 58 62
58 57
59 28
60
61 86
62 52 57
63
64 98
65 83 103
66 117
67 53 88
68 86
69 112
70
71
72
73
74 93
75
76 112
77
78
79
80
81 85
82 33 39 56
83 46 65
84
85 81
86 61 68
87 42
88 67
89
90
91 102
92 16
93 41 74
94 5
95
96
97 103
98 64
99
100 114
101 36
102 9 91
103 33 65 97
104
105
106
107
108 18
109 36
110 6
111 36
112 69 76
113
114 100
115
116
117 66
