158 257
0 19 24 39 71 125
1 7 41 58 83 157
2 29 70 72 94 156
3 66 86 98 145
4 94 100
5 12 29 65 68 92
6 27 51 93
7 1 38 41 43
8 50 67
9 45 55 56 86 145 153
10 21 24 93 121
11 15 26 38 78 152
12 5 33 75 88
13 36 93 133 149 156
14 19 68 99
15 11 86 104 125 149
16 44 122
17 72 87 106 111 112 140
18 41 111 121
19 0 14 34 49 110
20 21 41 44 64 113 130
21 10 20 24 27 92 108
22
23 27 78 122
24 0 10 21 35 46 89 144
25 56 57 113
26 11 95 113
27 6 21 23 53
28 124
29 2 5 64 123
30 34 82 88 94
31 114
32 41 46 65 72
33 12 86 145 148
34 19 30 35 101
35 24 34
36 13 65 108 118 131
37 44 60 66 73 76 148
38 7 11
39 0 55 92 95 109 120 139
40 44 116
41 1 7 18 20 32 45 71 144 147
42 44 138 140 141
43 7 78
44 16 20 37 40 42 107
45 9 41 138
46 24 32
47 130
48 49 72 113
49 19 48 57 63 78 119
50 8
51 6 77 110
52 64 115 145 152
53 27 65 74
54 137 144 157
55 9 39 94 101 157
56 9 25 124 149
57 25 49 144
58 1 62 95
59 84 152
60 37
61 144
62 58
63 49 116
64 20 29 52 65
65 5 32 36 53 64
66 3 37 84 114
67 8 77
68 5 14 142
69 101
70 2 99 125
71 0 41 133
72 2 17 32 48 105
73 37 156
74 53
75 12 94
76 37 145
77 51 67 94
78 11 23 43 49 146
79 106 128 154
80
81 93 138 155
82 30 140 155
83 1 92 141 144 145
84 59 66 92 97 134 147 153
85 143
86 3 9 15 33
87 17 119 134
88 12 30
89 24 103 152
90
91 121 130 133 147
92 5 21 39 83 84 133
93 6 10 13 81 134 145
94 2 4 30 55 75 77 135
95 26 39 58 116 118 124 125
96 108 110 113 116 123
97 84
98 3 122
99 14 70
100 4
101 34 55 69
102
103 89
104 15
105 72 125 137 150
106 17 79 122
107 44 115
108 21 36 96
109 39 155
110 19 51 96
111 17 18
112 17
113 20 25 26 48 96 117
114 31 66
115 52 107
116 40 63 95 96 126
117 113 139
118 36 95 146 152
119 49 87
120 39 133
121 10 18 91 136
122 16 23 98 106
123 29 96
124 28 56 95 132 157
125 0 15 70 95 105 147 148
126 116 144
127
128 79
129
130 20 47 91 157
131 36
132 124 152
133 13 71 91 92 120
134 84 87 93
135 94 151
136 121
137 54 105
138 42 45 81
139 39 117
140 17 42 82 153
141 42 83
142 68
143 85
144 24 41 54 57 61 83 126 147
145 3 9 33 52 76 83 93
146 78 118
147 41 84 91 125 144
148 33 37 125
149 13 15 56 155
150 105
151 135
152 11 52 59 89 118 132
153 9 84 140
154 79
155 81 82 109 149
156 2 13 73
157 1 54 55 124 130
