50 95
0 1 6 7 15 47
1 0 3 15
2 9 39 43 44 49
3 1 5 10 34 35 39
4 21 25 27 38 45
5 3
6 0 18 23 26 37
7 0 31
8 26
9 2 13 20 37
10 3
11 24 33 35 45
12 45 47
13 9 21 28 43
14 18 21 23 28 29 30
15 0 1 28
16 29 49
17 30 38
18 6 14 23 33 36 44 46
19
20 9 36
21 4 13 14 36 39
22 30 35 43 46
23 6 14 18 24 28 33 36
24 11 23 31 45
25 4 27 34 42 47
26 6 8
27 4 25 33 34 42
28 13 14 15 23 30
29 14 16 30 38 48 49
30 14 17 22 28 29 43
31 7 24 34 36 48
32
33 11 18 23 27 38
34 3 25 27 31
35 3 11 22
36 18 20 21 23 31 43
37 6 9 44
38 4 17 29 33 41 45 48
39 2 3 21 47
40 47
41 38
42 25 27
43 2 13 22 30 36
44 2 18 37
45 4 11 12 24 38 46
46 18 22 45
47 0 12 25 39 40 49
48 29 31 38
49 2 16 29 47
