36 84
0 3
1 4 5 6 16 20 22
2 3 10 12 20 26 30
3 0 2 32 33
4 1 12 13 14 31
5 1 6 9 27 32
6 1 5 14 15 18 27 28
7 15 18 28 29
8 17 30
9 5 11 17 24 25 33
10 2 21 23
11 9 19 22 28
12 2 4 15 19 25 30
13 4 14 15 23 25 31
14 4 6 13 16
15 6 7 12 13 20 29 33
16 1 14 24 28 30 31 32 34
17 8 9 19 21 22 26
18 6 7
19 11 12 17 21 34
20 1 2 15 26 33
21 10 17 19
22 1 11 17 27 28 31
23 10 13 26
24 9 16 31
25 9 12 13 30
26 2 17 20 23
27 5 6 22
28 6 7 11 16 22 29 33 34
29 7 15 28 30
30 2 8 12 16 25 29 33
31 4 13 16 22 24 33
32 3 5 16
33 3 9 15 20 28 30 31
34 16 19 28 35
35 34
