177 543
0 9 28 42 104 107 163
1 16 64 86 88 105 164 169
2 10 29 70 108
3 59 70 79 82 105 123 176
4 7 14 28 36 51 59 81 164
5 11 14 25 32 41 129 131 134
6 44 100 140 154
7 4 61 64 100 104 146
8 31 94
9 0 32 33 64 109 159 172
10 2 23 40 46 88 115
11 5 15 34 62 73 124 128 165
12 25 35 39 50 59 70 98 101
13 20 34 49 63 68 164
14 4 5 81 141 150 166
15 11 69 153
16 1 42 89 90 115 135 139 171
17 21 23 60 103 113 124 139 151 168 175
18 27 35 115 152
19 64 70 131 136 152
20 13 76 100 109 169
21 17 76 100
22 23 60 67 74 122
23 10 17 22 25 51 69 129 151
24 75 82 93 106 119 167
25 5 12 23 38 40 48 83 120
26 75 105 106 173
27 18 53 60 153
28 0 4 36 37 69 73 82 116 128
29 2 102 133 154 155
30 77 87 92 112 121 160
31 8 62 68 100 102 107 110 115 150
32 5 9 33 97
33 9 32 43 119 147 174
34 11 13 48 108 111 125 153
35 12 18 48 102 157
36 4 28 73 81 145
37 28 42 72 80 125 164
38 25 80 98
39 12 50 56 121 127 143
40 10 25 62 66 76 126 138 154
41 5 43 76 84 101 158 160 164
42 0 16 37 51 75 90 138
43 33 41 67 82 138 167 173
44 6 158 174
45 54 59 67 69 82 123 133 176
46 10 69 92 101 107
47 63 87 136 158 165 171 174
48 25 34 35 71 137 155
49 13 84 109 114 117 158 163 168 174
50 12 39 53 62 64 79 137 165
51 4 23 42 55 61 72 137 146 155 156
52 119 145 149
53 27 50 98 129
54 45
55 51 62 86 88 93 162
56 39 58 100 125 140 160
57 126
58 56 77 94 130
59 3 4 12 45 73 102
60 17 22 27 77 91 134 135 145 153 163 168 169 174
61 7 51 69 114 137 143 174
62 11 31 40 50 55 100 165 166
63 13 47 78 79 118 143 157 161
64 1 7 9 19 50
65 119 159
66 40 78 95 105 118 120
67 22 43 45 79 86 97 142 160 166
68 13 31 100
69 15 23 28 45 46 61 73 81 136 140 176
70 2 3 12 19 107 153 159
71 48 79 87 99 171
72 37 51 97 115 161
73 11 28 36 59 69 77 104 149 164 165 176
74 22 75 141 156
75 24 26 42 74 87 94 97 126 145 148 158
76 20 21 40 41
77 30 58 60 73 83 100 108 127
78 63 66 100 139 147 165
79 3 50 63 67 71 86 95 112 113 132
80 37 38 150 154 176
81 4 14 36 69 95 103 136
82 3 24 28 43 45 92 97 103 155
83 25 77 84 87 147 158 161
84 41 49 83 118
85 97 108 154 156
86 1 55 67 79 102 122 135 137 155 167
87 30 47 71 75 83 91 93 164
88 1 10 55 99 117 130 154
89 16 124 160
90 16 42 91 102 114 133 139 152
91 60 87 90 173 175
92 30 46 82 101 164 172
93 24 55 87 116 158 172
94 8 58 75 150 168 173
95 66 79 81 100 125 142
96 123 164
97 32 67 72 75 82 85 118 149
98 12 38 53 109 120 131 142
99 71 88 106 123 127 166
100 6 7 20 21 31 56 62 68 77 78 95 115 123 151 165 168 169
101 12 41 46 92 104 105 131
102 29 31 35 59 86 90 131 141 147 172
103 17 81 82 114 159 171
104 0 7 73 101 123
105 1 3 26 66 101 150
106 24 26 99 119 149 150
107 0 31 46 70 149 175
108 2 34 77 85 173
109 9 20 49 98 147 165 169
110 31 120 152 174
111 34 139 150 151 174
112 30 79 160 161
113 17 79 115 155
114 49 61 90 103
115 10 16 18 31 72 100 113 116 122 161
116 28 93 115 139
117 49 88 165 168
118 63 66 84 97 166 171 172
119 24 33 52 65 106 168
120 25 66 98 110 122 139 168
121 30 39 153 164 172
122 22 86 115 120 130 146 151
123 3 45 96 99 100 104 139 167
124 11 17 89
125 34 37 56 95 147
126 40 57 75 142 146 168 173 175
127 39 77 99 142 171
128 11 28 167 168
129 5 23 53
130 58 88 122 152
131 5 19 98 101 102
132 79 143
133 29 45 90
134 5 60 172
135 16 60 86 148
136 19 47 69 81
137 48 50 51 61 86 151
138 40 42 43
139 16 17 78 90 111 116 120 123 149 164
140 6 56 69 148
141 14 74 102 151 173
142 67 95 98 126 127 165 169
143 39 61 63 132 149 155
144 153
145 36 52 60 75 156
146 7 51 122 126 170 175
147 33 78 83 102 109 125 150
148 75 135 140
149 52 73 97 106 107 139 143 170 173
150 14 31 80 94 105 106 111 147
151 17 23 100 111 122 137 141
152 18 19 90 110 130 157 163
153 15 27 34 60 70 121 144 164 173
154 6 29 40 80 85 88
155 29 48 51 82 86 113 143
156 51 74 85 145
157 35 63 152 164 176
158 41 44 47 49 75 83 93 167
159 9 65 70 103
160 30 41 56 67 89 112 172
161 63 72 83 112 115 162
162 55 161
163 0 49 60 152 174
164 1 4 13 37 41 73 87 92 96 121 139 153 157 166 171
165 11 47 50 62 73 78 100 109 117 142
166 14 62 67 99 118 164
167 24 43 86 123 128 158
168 17 49 60 94 100 117 119 120 126 128
169 1 20 60 100 109 142
170 146 149
171 16 47 71 103 118 127 164
172 9 92 93 102 118 121 134 160
173 26 43 91 94 108 126 141 149 153
174 33 44 47 49 60 61 110 111 163 175
175 17 91 107 126 146 174
176 3 45 69 73 80 157
