22 89
0 4 13 16 18 20
1 2 3 4 12 16 18 20 21
2 1 5 7 10 11 12 14 16 18 19
3 1 4 5 7 10 12 17 20
4 0 1 3 5 6 13 18 19 20 21
5 2 3 4 6 10 11 16 17 19 20 21
6 4 5 7 9 11 15
7 2 3 6 10 12 13 14 19
8 11 13 14 15 18 20
9 6 12 13 14 15 19
10 2 3 5 7 14 17 18 21
11 2 5 6 8 13 17 18 19 20
12 1 2 3 7 9 14 17
13 0 4 7 8 9 11 14 20
14 2 7 8 9 10 12 13 17 18 20
15 6 8 9 17 18 19
16 0 1 2 5 17 20 21
17 3 5 10 11 12 14 15 16 20
18 0 1 2 4 8 10 11 14 15 20
19 2 4 5 7 9 11 15 20
20 0 1 3 4 5 8 11 13 14 16 17 18 19
21 1 4 5 10 16
