116 603
0 8 25 61 75 87 91 105
1 5 7 27 29 39 41 42 53 67 71 74 78 88 102 109 114
2 17 34 43 61 66 71 76 90 91 100
3 4 12 20 22 25 31 44 51 56 75 76 82 92 97 101 104 111 113
4 3 8 21 29 32 40 67 71 86 96 99 101 102 105 106
5 1 21 70 78 79 86 92 100 104 109 114
6 33 66 81 83 87 90 92 96 98 105 114
7 1 12 15 16 24 56 84 91 99 105 108 113
8 0 4 12 30 31 39 45 66 86 96 106 114
9 16 18 19 22 25 29 30 35 45 51 86 92
10 15 37 44 45 97 98 107 108
11 12 14 22 52 59 64 68 77 82 107
12 3 7 8 11 30 32 37 52 65 67 69 73 87 103
13 16 23 29 56 65 74 84 85 86 87 91 93 107
14 11 19 27 31 49 64 65 81 90 91 101 107
15 7 10 19 22 82 101 115
16 7 9 13 39 50 65 88 95 104
17 2 22 30 37 40 66 83 84 86 92 94
18 9 30 32 53 54 60
19 9 14 15 20 29 32 33 46 57 73 75 80 81
20 3 19 59 62 63 70 72 79 85 96 98 102
21 4 5 29 50 54 55 76 97 113
22 3 9 11 15 17 35 47 52 67 104 105
23 13 39 56 62 84 85 86 91 105
24 7 31 41 53 67 78 86 97 99 100 104 107 115
25 0 3 9 30 36 59 68 70 87 92 98 102 109 111
26 34 37 44 46 79 88 91 104 106
27 1 14 49 50 52 77 85 93 103
28 33 36 49 79 86 92
29 1 4 9 13 19 21 30 33 57 75 85 99 102 109 110
30 8 9 12 17 18 25 29 31 41 43 44 61 72 83 88 96
31 3 8 14 24 30 32 77 96 108
32 4 12 18 19 31 35 76 98 104
33 6 19 28 29 47 53 74 84 106
34 2 26 37 39 44 54 55 61 96 104
35 9 22 32 49 50 54 66 69 70 79 93 113 114
36 25 28 39 40 54 56 65 68 81 93
37 10 12 17 26 34 44 48 56 66 74 79 93 98
38 43 69 70 90
39 1 8 16 23 34 36 45 46 50 68 70 93 102
40 4 17 36 41 54 57 114
41 1 24 30 40 46 52 54 55 59 62 73
42 1 47 68 89 93
43 2 30 38 55 60 65 73 88 96 102
44 3 10 26 30 34 37 54 73 79 83 101 102 113
45 8 9 10 39 52 57 68 82 83 93 94 95 101 109
46 19 26 39 41 48 58 63 67 68 85 100 112
47 22 33 42 58 62 70 80 92 101
48 37 46 50 51 64 79 111
49 14 27 28 35 67 82 106 109 111
50 16 21 27 35 39 48 53 65 75 99 100 103 106 108 111
51 3 9 48 57 85 105 115
52 11 12 22 27 41 45 60 66 67
53 1 18 24 33 50 94 113
54 18 21 34 35 36 40 41 44 57 68 77 89 94
55 21 34 41 43 56 59 75 84 92
56 3 7 13 23 36 37 55 65 68 69 80 112 115
57 19 29 40 45 51 54 74 79 94 95 99 110 115
58 46 47 69 82 92 95
59 11 20 25 41 55 63 73 87 89 90 96 99 100 104 112
60 18 43 52 63 78 88 107 108
61 0 2 30 34 63 64 87 88
62 20 23 41 47 64 65 72 80
63 20 46 59 60 61 77 90 98 106
64 11 14 48 61 62 75 81 97
65 12 13 14 16 36 43 50 56 62
66 2 6 8 17 35 37 52 78 108
67 1 4 12 22 24 46 49 52 71 76 88 95 108 110
68 11 25 36 39 42 45 46 54 56 84 91 99 100 113
69 12 35 38 56 58 70 76 77 85 103 110
70 5 20 25 35 38 39 47 69 75 80 86 103 104 110 112
71 1 2 4 67 75 105 110 112
72 20 30 62 87 91 99 104
73 12 19 41 43 44 59 77 83 100
74 1 13 33 37 57 76 97
75 0 3 19 29 50 55 64 70 71 85 88 94
76 2 3 21 32 67 69 74 80 85 88 100 115
77 11 27 31 54 63 69 73 83 96 100 108
78 1 5 24 60 66 94 102 105 112
79 5 20 26 28 35 37 44 48 57 81 90 98 105
80 19 47 56 62 70 76 107 110 111
81 6 14 19 36 64 79 90 97 109 114
82 3 11 15 45 49 58 91 101
83 6 17 30 44 45 73 77 104
84 7 13 17 23 33 55 68 91 105 115
85 13 20 23 27 29 46 51 69 75 76 91 97
86 4 5 8 9 13 17 23 24 28 70 95 105 115
87 0 6 12 13 25 59 61 72 88 102
88 1 16 26 30 43 60 61 67 75 76 87 115
89 42 54 59
90 2 6 14 38 59 63 79 81 113
91 0 2 7 13 14 23 26 68 72 82 84 85 106
92 3 5 6 9 17 25 28 47 55 58 103
93 13 27 35 36 37 39 42 45 103 113
94 17 45 53 54 57 75 78 101
95 16 45 57 58 67 86
96 4 6 8 20 30 31 34 43 59 77 110
97 3 10 21 24 64 74 81 85 105 111
98 6 10 20 25 32 37 63 79 100 105
99 4 7 24 29 50 57 59 68 72 100 106 110
100 2 5 24 46 50 59 68 73 76 77 98 99 109
101 3 4 14 15 44 45 47 82 94
102 1 4 20 25 29 39 43 44 78 87 103 106 113 115
103 12 27 50 69 70 92 93 102 105 110
104 3 5 16 22 24 26 32 34 59 70 72 83 107
105 0 4 6 7 22 23 51 71 78 79 84 86 97 98 103 106 109
106 4 8 26 33 49 50 63 91 99 102 105
107 10 11 13 14 24 60 80 104
108 7 10 31 50 60 66 67 77
109 1 5 25 29 45 49 81 100 105 114
110 29 57 67 69 70 71 80 96 99 103 111
111 3 25 48 49 50 80 97 110
112 46 56 59 70 71 78
113 3 7 21 35 44 53 68 90 93 102
114 1 5 6 8 35 40 81 109
115 15 24 51 56 57 76 84 86 88 102
