173 795
0 2 3 7 36 51 69 96 123 171
1 25 45 76 98 105 126 140 144
2 0 15 30 33 58 73 79 88 99 138 156 168
3 0 21 50 73 74 86 98 102 152 157
4 6 12 18 68 127 140 160
5 19 27 31 51 55 62 77 78 95 101 107 121 142 166
6 4 19 30 111 115 163
7 0 18 27 57 88 153 163
8 39 62 63 78 113 135 155
9 27 28 38 51 96 120 126 159
10 38 62 79 81 112 171
11 15 36 104 115 136 149 163 167 171
12 4 13 25 42 99 102 110 123 144
13 12 24 53 59 92 99 106 111 113 116 126 145
14 24 39 44 59 75 78 95
15 2 11 44 46 65 80 97 110 112 119 124 152 164 170
16 29 53 76 113 115
17 28 50 57 88 152 170
18 4 7 19 24 28 31 43 52 81 91 95 145 152 166 172
19 5 6 18 41 62 63 66 75 98 109 141 148 156 159 162
20 29 34 35 45 64 100 104 167
21 3 27 44 49 52 111 165 172
22 23 55 94 153
23 22 53 75 104 113 124 148
24 13 14 18 48 51 58 78 80 99 101 104 114 133 137 142 161 170
25 1 12 34 56 81 128 131 151 154 162
26 59 64 82 101 119 127 163 170
27 5 7 9 21 32 42 52 55 59 72 74 125 133 171
28 9 17 18 39 52 76 79 82 106 110 118 120 156
29 16 20 56 76 103 111
30 2 6 62 74 77 147 162
31 5 18 64 66 102 109 164 171
32 27 48 103 104 171
33 2 50 58 86 107 136 138
34 20 25 56 59 78
35 20 60 82 109 128 155 170
36 0 11 78 89 117 134 137 147 156
37 47 94 116
38 9 10 72 74 86 93 95 158
39 8 14 28 54 55 61 91 114 120 129 141 156 157 163
40 51 53 88 127 138 141 142 155
41 19 43 74 93 108 125 131 141 148 168
42 12 27 44 65 68 93 102 112 148 155
43 18 41 49 148 164
44 14 15 21 42 53 60 64 65 94 97 124
45 1 20 82 112 114 124 136 148 155
46 15 78 87 100 119 121
47 37 57 70 71 106 112 126
48 24 32 61 66 83 94 104 148 168
49 21 43 58 93 122 123 169
50 3 17 33 71 76 111 156 157 166
51 0 5 9 24 40 80 104 119 154
52 18 21 27 28 83 119 126 133 145 148 155 171
53 13 16 23 40 44 60 87 95 108 115 116 117 131
54 39 79 113 123 137 147 154
55 5 22 27 39 56 64 85 103
56 25 29 34 55 109 140 148 151 154 166
57 7 17 47 58 60 136 146 160 164
58 2 24 33 49 57 93 94 101 106 111 142 154
59 13 14 26 27 34 70 84 96 113 116 132 145 172
60 35 44 53 57 62 70 130 137 150 165
61 39 48 63 73 75 83 84 107 125 135 145 152 163
62 5 8 10 19 30 60 67 86 95 125 166
63 8 19 61 74 102 115 120 126
64 20 26 31 44 55 66 69 100 109 119 127 153 154 172
65 15 42 44 70 76 111 118 156 165
66 19 31 48 64 69 77 103 118 133 137 149 164
67 62 116 120 121 154 158 159 163 164
68 4 42 82 87 96 110 112 128 141 156
69 0 64 66 71 85 111 123 142 163 169
70 47 59 60 65 78 88 104 132 161 171
71 47 50 69 98 126 128 130 131 142 143 151 155
72 27 38 85 99 101 122 130
73 2 3 61 85 102 111 138 154 159 163 164 171
74 3 27 30 38 41 63 79 110 125
75 14 19 23 61 87 112 119 127 131 144 168
76 1 16 28 29 50 65 78 86 130 150
77 5 30 66 80 113 124 150
78 5 8 14 24 34 36 46 70 76 79 100 129 137 141 149
79 2 10 28 54 74 78 105 127 128 150 171
80 15 24 51 77 107 125 132
81 10 18 25 85 100 120 126 137 148 162
82 26 28 35 45 68 85 89 91 102 106 114 126 166 167
83 48 52 61 111 156 172
84 59 61 91 102
85 55 69 72 73 81 82 93 97 100 104 120 125 160 168
86 3 33 38 62 76 104 106 127 139 146
87 46 53 68 75 124 150
88 2 7 17 40 70 95 101 151
89 36 82 90 114 126 141 156
90 89 143 152 161
91 18 39 82 84 112 115
92 13 104 122 146 149 166
93 38 41 42 49 58 85 105 112 120 124 125
94 22 37 44 48 58 160 161
95 5 14 18 38 53 62 88 99 110 121 133 153
96 0 9 59 68 123 158
97 15 44 85 115 137 141
98 1 3 19 71 100 101 110 123 135 145 153 156
99 2 12 13 24 72 95 103 113 152 153 171
100 20 46 64 78 81 85 98 103 119 125
101 5 24 26 58 72 88 98 102 133 147 155 170
102 3 12 31 42 63 73 82 84 101
103 29 32 55 66 99 100 119 120 137
104 11 20 23 24 32 48 51 70 85 86 92 108 110 129 139 148
105 1 79 93 108 111 147 157 161 166
106 13 28 47 58 82 86 108 130 147 160 164
107 5 33 61 80 132
108 41 53 104 105 106 116 117 121 142 143 146 157
109 19 31 35 56 64 143 171
110 12 15 28 68 74 95 98 104 146
111 6 13 21 29 50 58 65 69 73 83 105 122 130 154
112 10 15 42 45 47 68 75 91 93 122 128 136 145 153
113 8 13 16 23 54 59 77 99 124 126 143
114 24 39 45 82 89 130
115 6 11 16 53 63 91 97 119 140 157 158
116 13 37 53 59 67 108 142 144
117 36 53 108 122 136 140
118 28 65 66 132 140 150 165
119 15 26 46 51 52 64 75 100 103 115 161
120 9 28 39 63 67 81 85 93 103 125 127 140 144 158
121 5 46 67 95 108 126 142 148 152 165 166
122 49 72 92 111 112 117 123 138 140
123 0 12 49 54 69 96 98 122 150 154 165 170
124 15 23 44 45 77 87 93 113 132 145 169
125 27 41 61 62 74 80 85 93 100 120
126 1 9 13 47 52 63 71 81 82 89 113 121 142 143 154
127 4 26 40 64 75 79 86 120 134 157 165 167
128 25 35 68 71 79 112 133 146
129 39 78 104
130 60 71 72 76 106 111 114 136 161
131 25 41 53 71 75 144 164 172
132 59 70 80 107 118 124 145 160
133 24 27 52 66 95 101 128 168 171
134 36 127 144 157 171
135 8 61 98 149 159 168
136 11 33 45 57 112 117 130 143 166
137 24 36 54 60 66 78 81 97 103 138
138 2 33 40 73 122 137 148
139 86 104 153
140 1 4 56 115 117 118 120 122 158
141 19 39 40 41 68 78 89 97 167
142 5 24 40 58 69 71 108 116 121 126 143
143 71 90 108 109 113 126 136 142
144 1 12 75 116 120 131 134 164 169
145 13 18 52 59 61 98 112 124 132 158
146 57 86 92 108 110 128
147 30 36 54 101 105 106
148 19 23 41 42 43 45 48 52 56 81 104 121 138
149 11 66 78 92 135
150 60 76 77 79 87 118 123
151 25 56 71 88 154 163 172
152 3 15 17 18 61 90 99 121 156 168 169
153 7 22 64 95 98 99 112 139
154 25 51 54 56 58 64 67 73 111 123 126 151 171
155 8 35 40 42 45 52 71 101 163
156 2 19 28 36 39 50 65 68 83 89 98 152 168
157 3 39 50 105 108 115 127 134
158 38 67 96 115 120 140 145 171
159 9 19 67 73 135
160 4 57 85 94 106 132
161 24 70 90 94 105 119 130 165 167
162 19 25 30 81 169 170
163 6 7 11 26 39 61 67 69 73 151 155 166
164 15 31 43 57 66 67 73 106 131 144
165 21 60 65 118 121 123 127 161 169 171
166 5 18 50 56 62 82 92 105 121 136 163
167 11 20 82 127 141 161 169 170
168 2 41 48 75 85 133 135 152 156
169 49 69 124 144 152 162 165 167 171
170 15 17 24 26 35 101 123 162 167
171 0 10 11 27 31 32 52 70 73 79 99 109 133 134 154 158 165 169
172 18 21 59 64 83 131 151
