176 314
0 13 36 163 165
1 79 168
2 23 45 115 118 131 153
3 66 151
4 26 102 111
5 100 131 158
6 29 50 56 84
7 78 102 169
8 28 55 124 127
9 19 64 162
10 92 146 151
11 83 113
12 61 132
13 0 135
14 95 118 132 138 152
15
16 174
17 27 32 57 63 112
18 64 73
19 9 31 32 102 139 148
20 40 61 70 135 165 171 172
21 59 81 85 108 144 161
22 50 58 86
23 2 68 95 149
24 103 105 117 143
25 45 77 104 131
26 4 39 53 59 79 163 167 173
27 17 97 136 137 165
28 8 91 95 109
29 6 84
30 53 69 84 87 170
31 19 58 76 97 125 150
32 17 19 52 93 101 139 154
33 62 78 121 159
34 50 84
35 72 92 102 121
36 0 81
37 40 105 137
38 164
39 26 40 106 149
40 20 37 39 44 50 118 140
41
42 77 129 138 143 167
43 108
44 40 50 84 93 133
45 2 25 78 117 153
46 76 120
47 53 70 137 164
48 54 161
49 108
50 6 22 34 40 44 110
51 82 136
52 32 57 64 91 94 98
53 26 30 47 90 149
54 48 59 67 83
55 8 72
56 6 83 110 142 150
57 17 52 92 171
58 22 31 90 96 119 122 166
59 21 26 54 74 104 122 139 150
60 76 112
61 12 20 100 112
62 33 91 123
63 17 80 135 156
64 9 18 52
65 92 97 135 136
66 3 89 147 156
67 54 163 175
68 23 102
69 30 88 107
70 20 47
71 76 159
72 35 55 135
73 18 89 155 157 167
74 59 120 151 174
75 108
76 31 46 60 71 148
77 25 42 93
78 7 33 45 97 100 103 112 117
79 1 26 151 166
80 63 123
81 21 36 103 151 163
82 51
83 11 54 56 123 127 141
84 6 29 30 34 44 146
85 21 91 112
86 22 89 109
87 30 131
88 69 121 145
89 66 73 86 158
90 53 58 122 133 174
91 28 52 62 85 99
92 10 35 57 65 174
93 32 44 77
94 52 137
95 14 23 28 98
96 58
97 27 31 65 78 153
98 52 95 105
99 91 117 128
100 5 61 78 134
101 32 120 136
102 4 7 19 35 68 159
103 24 78 81
104 25 59 175
105 24 37 98 129
106 39 118 144
107 69
108 21 43 49 75 136
109 28 86 132 155
110 50 56 131 142
111 4 146
112 17 60 61 78 85 143
113 11 141 164
114 127
115 2 164
116 136 161
117 24 45 78 99 125 168
118 2 14 40 106 125 161
119 58 139
120 46 74 101 126 171
121 33 35 88 128 165 168
122 58 59 90 141
123 62 80 83 137
124 8
125 31 117 118 163
126 120 149 153 156 163
127 8 83 114
128 99 121 170
129 42 105
130
131 2 5 25 87 110 157
132 12 14 109
133 44 90 139
134 100 150
135 13 20 63 65 72 159
136 27 51 65 101 108 116
137 27 37 47 94 123 164
138 14 42
139 19 32 59 119 133 148
140 40 169
141 83 113 122
142 56 110
143 24 42 112
144 21 106
145 88
146 10 84 111 160
147 66 160
148 19 76 139 165
149 23 39 53 126 162
150 31 56 59 134
151 3 10 74 79 81 152
152 14 151
153 2 45 97 126
154 32
155 73 109 162
156 63 66 126 163
157 73 131
158 5 89 161
159 33 71 102 135
160 146 147
161 21 48 116 118 158
162 9 149 155
163 0 26 67 81 125 126 156 171
164 38 47 113 115 137
165 0 20 27 121 148
166 58 79
167 26 42 73
168 1 117 121
169 7 140
170 30 128
171 20 57 120 163
172 20
173 26
174 16 74 90 92
175 67 104
