59 184
0 3 18 35 38 44 45 46 47
1 38 40 43 45 49 53 56
2 36 46 52 53 54
3 0 8 20 45 53
4 10 29 30 37 39 45 46 48 49 56
5 16 31 33 34 39 42 53 58
6 32 39 41 45 57 58
7 8 39 42 55 57 58
8 3 7 37 38 40 41 46 55 57
9 31 43 48 55
10 4 25 31 41 50 55 58
11 43 44 55 58
12 23 30 33 42 43 46 57
13 27 36 47 52 54
14 29 31 33 41 50
15 32 33 39 45 51 57 58
16 5 30 34 37 39 40 47 50 54 55 58
17 29 41 43 44 46 49 52 58
18 0 22 23 30 45 48
19 38 42 43 46 53
20 3 22 38 40 44 50
21 31 34 35 40 45
22 18 20 36 54 56 58
23 12 18 31 48
24 34 45 47 52 55 56 57
25 10 34 39 41 46 55
26 32 46 49 57
27 13 29 30 43 49 51 58
28 31 40 45 49 51 55 58
29 4 14 17 27
30 4 12 16 18 27 42
31 5 9 10 14 21 23 28 44
32 6 15 26 53
33 5 12 14 15 48
34 5 16 21 24 25 50
35 0 21
36 2 13 22 57
37 4 8 16 54
38 0 1 8 19 20
39 4 5 6 7 15 16 25
40 1 8 16 20 21 28
41 6 8 10 14 17 25 49
42 5 7 12 19 30 56
43 1 9 11 12 17 19 27
44 0 11 17 20 31
45 0 1 3 4 6 15 18 21 24 28
46 0 2 4 8 12 17 19 25 26
47 0 13 16 24 53
48 4 9 18 23 33 53
49 1 4 17 26 27 28 41 53
50 10 14 16 20 34
51 15 27 28
52 2 13 17 24
53 1 2 3 5 19 32 47 48 49
54 2 13 16 22 37
55 7 8 9 10 11 16 24 25 28
56 1 4 22 24 42
57 6 7 8 12 15 24 26 36
58 5 6 7 10 11 15 16 17 22 27 28
