130 93
0 113 120
1 50
2 7
3 53 84 110
4 70 119
5 63 72
6
7 2 28
8 33 64 126
9 26 49 100 114
10 64 117
11 35
12 26 27
13 71 103
14 44 73 86 87
15 28 123
16
17 49
18 122
19 56 87
20 57 109
21 52 63 127
22 28
23
24
25 99
26 9 12
27 12 87
28 7 15 22 31 103
29 121
30
31 28
32 71 72
33 8 119
34 90
35 11
36
37 74 115
38
39 46
40
41 56
42
43
44 14 46
45
46 39 44 49 94 121
47 92
48 63 86 93 111
49 9 17 46
50 1
51 90
52 21 65 76
53 3 98
54
55
56 19 41 124
57 20
58
59 87 127
60 95
61
62 110
63 5 21 48
64 8 10 109
65 52 115
66
67
68 99
69
70 4
71 13 32
72 5 32 122
73 14 103
74 37
75 109
76 52 125
77
78 97
79
80
81
82
83
84 3 109 127
85
86 14 48
87 14 19 27 59
88 119 127
89
90 34 51
91 123
92 47
93 48 120
94 46
95 60
96
97 78
98 53
99 25 68
100 9 123
101
102
103 13 28 73
104 128
105
106 111
107
108
109 20 64 75 84 128
110 3 62
111 48 106 112
112 111
113 0
114 9
115 37 65
116
117 10
118
119 4 33 88
120 0 93
121 29 46
122 18 72 127
123 15 91 100
124 56
125 76
126 8
127 21 59 84 88 122
128 104 109
129
