130 484
0 41 65 88 99 102 114 122
1 40 43 61 80
2 34 40 44 47 55 81 89 107 117 118
3 13 22 29 38 42 55 63 72 77 95 99 116
4 30 46 66 71 76 81 94
5 14 24 30 61 68 88 99
6 13 14 24 74 104 117
7 15 25 59 68 74 78 97
8 9 19 20 26 45 64 86 96 102 113
9 8 15 31 107 113 115
10 18 41 47 68 106 118 123 129
11 18 31 74 111 113 117
12 15 25 27 34 73 77 109
13 3 6 26 34 40 52 55 58 106 127
14 5 6 37 48 70 72 75 82 127
15 7 9 12 18 33 46 67 75 89 103 116 123 129
16 17 18 23 54 57 70 84 85 94 117
17 16 18 29 42 69 89 90 106 129
18 10 11 15 16 17 49 87 96 97 114 120
19 8 21 93 122
20 8 34 43 61 75 90 113
21 19 23 26 32 41 69 70 103 116
22 3 25 59 69 72 96 126
23 16 21 31 79 89 107 121
24 5 6 40 56 60 82 89 95 100 101 124 129
25 7 12 22 28 35 57 71 102 107 127
26 8 13 21 34 75 90 114 115
27 12 30 48 57 58 104 110 119 127
28 25 30 101 118
29 3 17 79 97 108 117 126 128
30 4 5 27 28 51 55 90 104 114 115
31 9 11 23 46 68 83
32 21 36 64 72 95 105 121
33 15 35 49 97 104
34 2 12 13 20 26 50 62 74 80 85 112
35 25 33 51 52 64 85 88
36 32 37 49 51 66
37 14 36 43 71 88 90 101 103
38 3 41 47 51 54 56 69 70 84 89 93
39 61
40 1 2 13 24 53 61 65 70 87 96 111 116 118
41 0 10 21 38 45 53 74 85 105 129
42 3 17 44 56 57 73 121
43 1 20 37
44 2 42 47 61 73 98 110
45 8 41 69 102 120
46 4 15 31 67 91 96 99 109 125
47 2 10 38 44 73 91 101 103
48 14 27 85 99
49 18 33 36 61 64 85 99 110
50 34 90 94
51 30 35 36 38 66 105 117
52 13 35 56 58 64 73 83 106 107 128
53 40 41 74 82 87
54 16 38 70 73 80 121
55 2 3 13 30 83 115 119 127
56 24 38 42 52 116 118
57 16 25 27 42 69 73 74 78 121 127
58 13 27 52 71 93
59 7 22 100 111
60 24 79
61 1 5 20 39 40 44 49 112 115 116
62 34 65 106 111
63 3 101 124
64 8 32 35 49 52 69 76 79 97 120 128
65 0 40 62 72 108 128
66 4 36 51 74 90 93 105 115
67 15 46 80 81 121
68 5 7 10 31 79 104 119
69 17 21 22 38 45 57 64 102
70 14 16 21 38 40 54 103 119 121 127
71 4 25 37 58 91
72 3 14 22 32 65 96
73 12 42 44 47 52 54 57 115
74 6 7 11 34 41 53 57 66 75 80 102 103 123
75 14 15 20 26 74 81 106 108 114
76 4 64 94 105
77 3 12 98
78 7 57 90 116
79 23 29 60 64 68 92
80 1 34 54 67 74 89 99 115
81 2 4 67 75 105 126
82 14 24 53 91 93 100 123
83 31 52 55 86 98 112 116 120
84 16 38 87
85 16 34 35 41 48 49 110
86 8 83 100 102 105
87 18 40 53 84 93 99 129
88 0 5 35 37 90 103 114 127
89 2 15 17 23 24 38 80 113 120
90 17 20 26 30 37 50 66 78 88 92 96 105
91 46 47 71 82 100 102 108
92 79 90 94 99 100 104 106 111 120 128
93 19 38 58 66 82 87 124
94 4 16 50 76 92 127
95 3 24 32 100 114 121 129
96 8 18 22 40 46 72 90 106 113 120
97 7 18 29 33 64 100 106 121 126
98 44 77 83 107 117 127
99 0 3 5 46 48 49 80 87 92 107 118
100 24 59 82 86 91 92 95 97 103 104 125
101 24 28 37 47 63 128
102 0 8 25 45 69 74 86 91 105 119
103 15 21 37 47 70 74 88 100 111 119
104 6 27 30 33 68 92 100 108
105 32 41 51 66 76 81 86 90 102 117 120 127
106 10 13 17 52 62 75 92 96 97
107 2 9 23 25 52 98 99 114 122 129
108 29 65 75 91 104 116
109 12 46 112 113
110 27 44 49 85
111 11 40 59 62 92 103 116 118
112 34 61 83 109
113 8 9 11 20 89 96 109
114 0 18 26 30 75 88 95 107 127
115 9 26 30 55 61 66 73 80
116 3 15 21 40 56 61 78 83 108 111 121
117 2 6 11 16 29 51 98 105 118 129
118 2 10 28 40 56 99 111 117 119
119 27 55 68 70 102 103 118 127 129
120 18 45 64 83 89 92 96 105 124
121 23 32 42 54 57 67 70 95 97 116
122 0 19 107
123 10 15 74 82
124 24 63 93 120
125 46 100
126 22 29 81 97
127 13 14 25 27 55 57 70 88 94 98 105 114 119
128 29 52 64 65 92 101
129 10 15 17 24 41 87 95 107 117 119
