30 86
0 10 11 20 24 27
1 4 7 10 12 15 28
2 13 14
3 5 7 10 11 15 19 22
4 1 8 11 19 23
5 3 8 16
6 12 20 23 26
7 1 3 11 17 18 19 24 29
8 4 5 12 20 26 27
9 10 12 13 16 18 20 24
10 0 1 3 9 12 14 20 26
11 0 3 4 7 15 17 20 23
12 1 6 8 9 10 16 17 18 22 23
13 2 9 16 20 22 24
14 2 10 15 19 22 23
15 1 3 11 14 22 26
16 5 9 12 13 20
17 7 11 12 19 23
18 7 9 12 22 27
19 3 4 7 14 17 25 27
20 0 6 8 9 10 11 13 16 24 26
21 22 29
22 3 12 13 14 15 18 21 27 28
23 4 6 11 12 14 17
24 0 7 9 13 20
25 19 26 28
26 6 8 10 15 20 25 29
27 0 8 18 19 22
28 1 22 25
29 7 21 26
