45 111
0 41
1 24 25 28 29 31 35 41 44
2 22 28 29 35 36 41
3 16 28 37
4 10 22 26 36 37 43
5 9 11 28 32 42
6 31 33 42
7 23 24 30 32 33 34 40 43 44
8 17 25 28 40
9 5 40 43
10 4 23 33 34 36 39 41
11 5 29 33 38 42 43
12 26 31 33 36 39 40
13
14 22 32 38 39
15 17 30 35 36
16 3 27 33
17 8 15 22 26 33 34
18 21 24 26 33 35 40 43
19 22 30 33 38 40
20 25 29 30 31 37 39 42 44
21 18 22 26 30 37 40 41
22 2 4 14 17 19 21 30 44
23 7 10
24 1 7 18
25 1 8 20
26 4 12 17 18 21
27 16 40
28 1 2 3 5 8
29 1 2 11 20
30 7 15 19 20 21 22
31 1 6 12 20
32 5 7 14 42
33 6 7 10 11 12 16 17 18 19
34 7 10 17 41
35 1 2 15 18
36 2 4 10 12 15 38
37 3 4 20 21
38 11 14 19 36 44
39 10 12 14 20
40 7 8 9 12 18 19 21 27
41 0 1 2 10 21 34
42 5 6 11 20 32
43 4 7 9 11 18
44 1 7 20 22 38
