174 1281
0 4 5 14 41 62 100 106 116 122 131 147 151 161 169 173
1 25 61 103 145 156 169
2 14 34 36 45 47 58 81 83 88 90 94 121 127 148 152
3 28 51 52 108 113 124 125 133 165
4 0 11 20 51 63 76 98 107 121 126 130 161 171
5 0 6 31 34 43 55 56 67 68 73 84 98 108 111 116 124 125 142 151 157
6 5 31 33 39 54 69 77 84 92 94 112 113 116 123 145 152
7 24 49 73 78 79 118 119 128 129 132 133 138 141 152 171 173
8 11 46 59 63 68 75 79 80 85 115 144 150 155 162
9 16 18 23 26 65 66 76 94 96 98 113 117 121 135 138 151 163
10 37 57 76 82 98 100 106 110 116 125 126 129 139 148 165 168 169 170 172
11 4 8 14 19 38 54 59 62 76 81 96 97 104 119 124 139 158 160 169
12 27 42 43 49 58 63 70 107 115 116 134 137 150 158 161 167 169
13 31 33 38 39 59 68 72 82 108 138 150 165 169 173
14 0 2 11 15 24 29 32 43 58 64 65 75 79 89 115 119 121 134 135 136
15 14 26 29 71 79 101 102 112 135 165 167
16 9 23 39 44 58 69 72 99 113 119 134
17 22 35 38 80 116 118 145 155 163 168 169
18 9 21 23 34 56 77 84 99 107 127 144 152 156 158
19 11 24 37 71 84 87 105 143 159 164 165
20 4 37 50 60 68 70 83 88 93 113 116 130 136 145 150 151 163 164 170
21 18 25 31 39 52 77 118 127 130 138 140 167 171
22 17 38 41 53 81 84 85 99 104 108 123 125 135 138 144 152 156 158 171 172
23 9 16 18 31 77 93 97 101 121 133
24 7 14 19 54 58 64 67 76 81 99 113 115 125 128 147 156 168 171
25 1 21 31 46 49 74 84 100 101 104 118 123 124 137 145 157
26 9 15 43 78 93 107 122 133 139 163
27 12 28 44 60 64 74 90 98 108 111 113 128 144 166
28 3 27 36 47 51 65 68 82 92 98 105 131 138 149
29 14 15 36 52 53 72 74 82 86 87 95 173
30 32 36 44 47 48 66 82 85 86 125 145 147 153 167 169
31 5 6 13 21 23 25 35 73 76 106 107 150 158 164 170 172
32 14 30 53 60 63 116 145 150 153
33 6 13 34 35 42 82 91 95 99 101 104 111 112 113 126 130 151 172
34 2 5 18 33 35 56 64 84 85 114 119 131 146 169 172
35 17 31 33 34 48 58 79 98 99 102 110 129 139 161 162 166
36 2 28 29 30 50 84 89 96 109 111 169
37 10 19 20 48 49 76 77 101 109 130 152 153 168 173
38 11 13 17 22 41 46 71 93 95 114 119 122 134 145 151
39 6 13 16 21 54 87 108 122 132 148 159 160 162
40 44 100 131 166 173
41 0 22 38 55 78 93 99 112 122 125 129 130 135 161
42 12 33 53 60 85 92 93 140 143 147 148 150 164 165 170
43 5 12 14 26 53 64 67 80 82 105 126
44 16 27 30 40 50 97 109 110 113 147 149 154 166 167
45 2 57 62 68 69 92 99 116 124 149 159 172
46 8 25 38 70 72 81 82 85 103 114 116 140 149 162 168
47 2 28 30 58 67 72 79 80 83 101 103 118 127 134 147
48 30 35 37 60 73 97 107 111 115 120 129 136 142
49 7 12 25 37 52 53 56 83 85 96 134 161 165
50 20 36 44 59 61 63 76 82 86 96 106 117 121 133 137 138
51 3 4 28 52 60 79 91 96 100 125 133
52 3 21 29 49 51 90 95 110 112 132 142 157 161 169
53 22 29 32 42 43 49 54 57 62 70 78 95 109 126 129 138
54 6 11 24 39 53 56 58 80 116 118 124 127 140 160 164 165
55 5 41 63 101 115 123 126 137 158 167
56 5 18 34 49 54 78 83 96 107 121 159 165
57 10 45 53 65 66 73 82 83 108 109 115 122 134 137 151 154 155 165
58 2 12 14 16 24 35 47 54 111 113 146
59 8 11 13 50 68 75 84 90 137 141 157 167
60 20 27 32 42 48 51 70 78 86 94 105 107 117 168
61 1 50 88 103 105 109 113 117 151 153 155 156 164
62 0 11 45 53 64 67 76 103 108 110 113 115 142 145 158 159
63 4 8 12 32 50 55 87 93 111 113 130 138 156 163 164 168
64 14 24 27 34 43 62 71 82 98 110 120 123 124 128 132 153
65 9 14 28 57 70 82 86 91 93 94 98 105 109 111 132 153 164 173
66 9 30 57 74 84 94 100 147 171
67 5 24 43 47 62 80 85 92 107 108 125 143 146
68 5 8 13 20 28 45 59 80 113 116 117 134 136 148 150 157 160 168
69 6 16 45 90 116 120 123 127 137 140
70 12 20 46 53 60 65 82 103 105 109 127 143 155 160 167 172
71 15 19 38 64 80 101 111 122 125 132 142 152 170
72 13 16 29 46 47 83 86 120 132 136
73 5 7 31 48 57 77 92 152 154
74 25 27 29 66 83 85 107 111 116 131 144 150 159 169
75 8 14 59 86 101 108 126 138 140 151 164
76 4 9 10 11 24 31 37 50 62 84 97 98 100 114 118 128 130 145 146 164 170
77 6 18 21 23 37 73 93 125 142 153 154 156
78 7 26 41 53 56 60 96 98 109 117 120 125 147
79 7 8 14 15 35 47 51 85 94 111 115 137 168
80 8 17 43 47 54 67 68 71 82 118 135 148 150 151 152
81 2 11 22 24 46 93 94 95 104 109 118 136 146 155 157 172
82 10 13 28 29 30 33 43 46 50 57 64 65 70 80 113 115 125 128 166 168
83 2 20 47 49 56 57 72 74 93 108 114 116 134 145 151 159 163
84 5 6 18 19 22 25 34 36 59 66 76 87 93 112 113 128 131 134 137 144 148
85 8 22 30 34 42 46 49 67 74 79 95 96 107 109 114 115 123 153 164
86 29 30 50 60 65 72 75 87 101 102 110 117 142 144 155 167 170
87 19 29 39 63 84 86 88 98 104 119 128 135 142 153 168 170
88 2 20 61 87 93 111 127 169
89 14 36 90 110 112 116 135 138 140 143 159 162
90 2 27 52 59 69 89 109 118 138 144 145 150 153 164
91 33 51 65 98 105 109 111 129 138 149 155
92 6 28 42 45 67 73 106 107 108 118 123 125 133 137
93 20 23 26 38 41 42 63 65 77 81 83 84 88 110 119 120 171
94 2 6 9 60 65 66 79 81 113 117 138 143 145 158 166 168
95 29 33 38 52 53 81 85 98 104 111 123 130 145 146 159 162 166
96 9 11 36 49 50 51 56 78 85 99 115 119 128 132 154 161
97 11 23 44 48 76 101 110 114 115 120 128 138 152 154
98 4 5 9 10 27 28 35 64 65 76 78 87 91 95 101 103 147 154
99 16 18 22 24 33 35 41 45 96 125 130 167 173
100 0 10 25 40 51 66 76 116 127 130 159 168
101 15 23 25 33 37 47 55 71 75 86 97 98 106 136 154 160
102 15 35 86 104 107 111 119 140 144 164
103 1 46 47 61 62 70 98 112 123 126 128 139 146 147 160 163 165 166 167 171
104 11 22 25 33 81 87 95 102 112 116 143 164 165
105 19 28 43 60 61 65 70 91 115 121 131 150 160 163 168
106 0 10 31 50 92 101 108 115 121 141 143 155 167 168
107 4 12 18 26 31 48 56 60 67 74 85 92 102 115 130 137 144 151 163
108 3 5 13 22 27 39 57 62 67 75 83 92 106 111 121 157 162
109 36 37 44 53 57 61 65 70 78 81 85 90 91 145 146 147 151 155 168
110 10 35 44 52 62 64 86 89 93 97 112 132 149 173
111 5 27 33 36 48 58 63 65 71 74 79 88 91 95 102 108 127 146 154
112 6 15 33 41 52 84 89 103 104 110 118 119 129 134 138
113 3 6 9 16 20 24 27 33 44 58 61 62 63 68 82 84 94 117 128 133 146 148 159 161
114 34 38 46 76 83 85 97 115 118 127 133 134 140 144 154
115 8 12 14 24 48 55 57 62 79 82 85 96 97 105 106 107 114 118 122 124 128 138 149 160 164
116 0 5 6 10 12 17 20 32 45 46 54 68 69 74 83 89 100 104 169
117 9 50 60 61 68 78 86 94 113 129 133
118 7 17 21 25 47 54 76 80 81 90 92 112 114 115 121 125 134 135 161
119 7 11 14 16 34 38 87 93 96 102 112 129 142 160 165
120 48 64 69 72 78 93 97 142 149 150
121 2 4 9 14 23 50 56 105 106 108 118 140 157 159 162
122 0 26 38 39 41 57 71 115 127 158 162
123 6 22 25 55 64 69 85 92 95 103 129 132 146 150 158
124 3 5 11 25 45 54 64 115 135 141 152 155 171
125 3 5 10 22 24 30 41 51 67 71 77 78 82 92 99 118 141 158 167 170
126 4 10 33 43 53 55 75 103 145 158 160 163 165
127 2 18 21 47 54 69 70 88 100 111 114 122 151 164
128 7 24 27 64 76 82 84 87 96 97 103 113 115 135 138 144 153 172
129 7 10 35 41 48 53 91 112 117 119 123 130 138 158
130 4 20 21 33 37 41 63 76 95 99 100 107 129 138 140 146 159 162 164 165 172
131 0 28 34 40 74 84 105 138 140 146 149 154 167
132 7 39 52 64 65 71 72 96 110 123 145 169
133 3 7 23 26 50 51 92 113 114 117 138 146 153 156 162 166
134 12 14 16 38 47 49 57 68 83 84 112 114 118 150 157 158 173
135 9 14 15 22 41 80 87 89 118 124 128 136 141 144 151
136 14 20 48 68 72 81 101 135 149 165 166 172
137 12 25 50 55 57 59 69 79 84 92 107 145
138 7 9 13 21 22 28 50 53 63 75 89 90 91 94 97 112 115 128 129 130 131 133 154 158
139 10 11 26 35 103 143 147 152 157 162 166
140 21 42 46 54 69 75 89 102 114 121 130 131 151 159 165 170
141 7 59 106 124 125 135 142 146 151 154 156 165 169
142 5 48 52 62 71 77 86 87 119 120 141 149 168
143 19 42 67 70 89 94 104 106 139
144 8 18 22 27 74 84 86 90 102 107 114 128 135 145 149 156 157 159 165
145 1 6 17 20 25 30 32 38 62 76 83 90 94 95 109 126 132 137 144
146 34 58 67 76 81 95 103 109 111 113 123 130 131 133 141 152 154 155 169
147 0 24 30 42 44 47 66 78 98 103 109 139 151 168
148 2 10 39 42 68 80 84 113 156 158 171 173
149 28 44 45 46 91 110 115 120 131 136 142 144 153 155 156 163
150 8 12 13 20 31 32 42 68 74 80 90 105 120 123 134 153
151 0 5 9 20 33 38 57 61 75 80 83 107 109 127 135 140 141 147
152 2 6 7 18 22 37 71 73 80 97 124 139 146
153 30 32 37 61 64 65 77 85 87 90 128 133 149 150 168 170
154 44 57 73 77 96 97 98 101 111 114 131 138 141 146
155 8 17 57 61 70 81 86 91 106 109 124 146 149 160 168 172
156 1 18 22 24 61 63 77 133 141 144 148 149 165 169 170 172
157 5 25 52 59 68 81 108 121 134 139 144 167
158 11 12 18 22 31 55 62 94 122 123 125 126 129 134 138 148 168 171
159 19 39 45 56 62 74 83 89 95 100 113 121 130 140 144
160 11 39 54 68 70 101 103 105 115 119 126 155 163
161 0 4 12 35 41 49 52 96 113 118
162 8 35 39 46 89 95 108 121 122 130 133 139
163 9 17 20 26 63 83 103 105 107 126 149 160
164 19 20 31 42 54 61 63 65 75 76 85 90 102 104 115 127 130 170
165 3 10 13 15 19 42 49 54 56 57 103 104 119 126 130 136 140 141 144 156 169
166 27 35 40 44 82 94 95 103 133 136 139 167
167 12 15 21 30 44 55 59 70 86 99 103 106 125 131 157 166
168 10 17 24 37 46 60 63 68 79 82 87 94 100 105 106 109 142 147 153 155 158 169 170
169 0 1 10 11 12 13 17 30 34 36 52 74 88 116 132 141 146 156 165 168
170 10 20 31 42 71 76 86 87 125 140 153 156 164 168
171 4 7 21 22 24 66 93 103 124 148 158
172 10 22 31 33 34 45 70 81 128 130 136 155 156
173 0 7 13 29 37 40 65 99 110 134 148
