35 206
0 3 7 9 13 15 18 30 31 32
1 2 4 5 9 11 14 15 16 19 24 25 26 29 30 31
2 1 4 12 13 14 17 18 19 21 25
3 0 4 14 15 17 18 28 31 32 33
4 1 2 3 7 8 13 20 21 22 23 33
5 1 7 15 18 20 21 22 23 26 31 33 34
6 13 16 17 19 20 21 28
7 0 4 5 8 13 15 21 26 31
8 4 7 13 14 16 21 25 26 31 32 34
9 0 1 12 21 23 24 29 30 31 33 34
10 12 13 15 17 18 21 22 30 31 33
11 1 15 16 17 19 20 22 27 28 30 32
12 2 9 10 14 17 19 21 24 26 29 30 34
13 0 2 4 6 7 8 10 16 18 23 25 26 29 30 31
14 1 2 3 8 12 15 18 22 24 25 26 27 30
15 0 1 3 5 7 10 11 14 22 25 26 27 29 30
16 1 6 8 11 13 18 20 22 24 28 33 34
17 2 3 6 10 11 12 20 24 25 29
18 0 2 3 5 10 13 14 16 23 30 34
19 1 2 6 11 12 20 21 22 24 28 32 33
20 4 5 6 11 16 17 19 27 28 29 31 33 34
21 2 4 5 6 7 8 9 10 12 19 25 28 29 30 31
22 4 5 10 11 14 15 16 19 25 26 28
23 4 5 9 13 18 25 27 28 31 32 34
24 1 9 12 14 16 17 19 26 30 32
25 1 2 8 13 14 15 17 21 22 23 27 29 30
26 1 5 7 8 12 13 14 15 22 24 28 29 31 33 34
27 11 14 15 20 23 25 28 33
28 3 6 11 16 19 20 21 22 23 26 27 29 30 32
29 1 9 12 13 15 17 20 21 25 26 28 31
30 0 1 9 10 11 12 13 14 15 18 21 24 25 28 32 33 34
31 0 1 3 5 7 8 9 10 13 20 21 23 26 29 33
32 0 3 8 11 19 23 24 28 30 33
33 3 4 5 9 10 16 19 20 26 27 30 31 32
34 5 8 9 12 16 18 20 23 26 30
