24 207
0 1 2 3 7 8 9 11 12 14 15 16 17 18 19 20 22 23
1 0 2 3 5 6 8 9 10 11 12 14 15 16 18 20 21 22
2 0 1 3 5 6 7 8 9 10 11 12 14 15 16 18 22 23
3 0 1 2 4 5 6 8 9 10 13 14 16 18 19 21 23
4 3 5 6 7 8 9 12 13 16 18 20 21 23
5 1 2 3 4 6 8 9 10 11 12 13 14 15 16 17 18 19 20
6 1 2 3 4 5 8 9 12 13 14 15 16 17 19 20 21 22 23
7 0 2 4 8 10 11 12 13 14 16 17 18 19 20 22
8 0 1 2 3 4 5 6 7 9 10 11 12 13 14 15 18 19 20 21 22
9 0 1 2 3 4 5 6 8 10 11 12 13 14 15 16 17 18 19 20 21 22 23
10 1 2 3 5 7 8 9 13 16 17 19 20 22 23
11 0 1 2 5 7 8 9 12 13 14 15 18 19 20 22 23
12 0 1 2 4 5 6 7 8 9 11 13 14 15 16 17 18 19 21 22 23
13 3 4 5 6 7 8 9 10 11 12 14 15 16 18 19 20 21 22 23
14 0 1 2 3 5 6 7 8 9 11 12 13 15 17 18 19 20 21 22 23
15 0 1 2 5 6 8 9 11 12 13 14 16 19 20 22
16 0 1 2 3 4 5 6 7 9 10 12 13 15 18 20 21 22 23
17 0 5 6 7 9 10 12 14 19 20 21 22 23
18 0 1 2 3 4 5 7 8 9 11 12 13 14 16 19 20 21 22 23
19 0 3 5 6 7 8 9 10 11 12 13 14 15 17 18 21 22 23
20 0 1 4 5 6 7 8 9 10 11 13 14 15 16 17 18 21 23
21 1 3 4 6 8 9 12 13 14 16 17 18 19 20 22
22 0 1 2 6 7 8 9 10 11 12 13 14 15 16 17 18 19 21 23
23 0 2 3 4 6 9 10 11 12 13 14 16 17 18 19 20 22
