47 95
0 1 2 3 4 5 25 32
1 0 2 3 4 5 25
2 0 1 3 4 5 34
3 0 1 2 4 5 13 20
4 0 1 2 3 5 7 27 37
5 0 1 2 3 4
6 7 8 9 10 11 12
7 4 6 8 9 10 11 12 21
8 6 7 9 10 11 12 23
9 6 7 8 10 11 12
10 6 7 8 9 11 12 27 36
11 6 7 8 9 10 12
12 6 7 8 9 10 11
13 3 14 15 16 17 18 19 20
14 13 15 16 17 18 19 20
15 13 14 16 17 18 19 20
16 13 14 15 17 18 19 20 41
17 13 14 15 16 18 19 20 22
18 13 14 15 16 17 19 20
19 13 14 15 16 17 18 20 32 36
20 3 13 14 15 16 17 18 19
21 7 22 23 24 25 34
22 17 21 23 24 25
23 8 21 22 24 25
24 21 22 23 25
25 0 1 21 22 23 24
26
27 4 10 41
28
29
30
31
32 0 19
33
34 2 21 45
35
36 10 19
37 4
38 42
39
40
41 16 27
42 38
43
44
45 34
46
