25 165
0 2 3 6 7 8 10 11 12 14 15 17 19 20 21 23 24
1 2 5 11 12 13 15 17 19 20 21 22 24
2 0 1 4 5 7 8 9 13 14 16 19 20 21 22 24
3 0 4 8 10 12 13 14 15 16 18 19 20 21 23 24
4 2 3 5 8 10 11 12 14 15 16 17 19 20 21 22 24
5 1 2 4 7 10 14 16 17 18 19 24
6 0 8 10 11 15 16 17 19 20 23
7 0 2 5 9 11 12 16 18 21 22 23
8 0 2 3 4 6 10 11 13 18 19 20 23
9 2 7 10 16 17 22 23 24
10 0 3 4 5 6 8 9 11 18 19 20 22 23
11 0 1 4 6 7 8 10 14 15 17 18 20 23 24
12 0 1 3 4 7 15 16 18 19 20 22 23
13 1 2 3 8 14 15 16 18 21 22 24
14 0 2 3 4 5 11 13 16 19 20 23
15 0 1 3 4 6 11 12 13 18 19 20 23
16 2 3 4 5 6 7 9 12 13 14 17 18 19 20 21 24
17 0 1 4 5 6 9 11 16 18 21 22 23 24
18 3 5 7 8 10 11 12 13 15 16 17 19 20 22 23 24
19 0 1 2 3 4 5 6 8 10 12 14 15 16 18 22
20 0 1 2 3 4 6 8 10 11 12 14 15 16 18 21 22 23 24
21 0 1 2 3 4 7 13 16 17 20
22 1 2 4 7 9 10 12 13 17 18 19 20 23
23 0 3 6 7 8 9 10 11 12 14 15 17 18 20 22 24
24 0 1 2 3 4 5 9 11 13 16 17 18 20 23
