93 231
0 2 8 9 34 38 41 71 79 89 90
1 3 50 92
2 0 14 36 43 89
3 1 17 24 48 86 87
4 7 31 72
5 6 50 54 71 78 83
6 5 9 25 44 73 78
7 4 23 35 44 45 69 86
8 0 10 16 38
9 0 6 11 19 28 43 65
10 8 12 74 87
11 9 13 20 34 37 75
12 10 34 45 83
13 11 27 33 37 44 80 82 85
14 2 17 25 58 77 78 86
15 24 45 46 89
16 8 52 62 75
17 3 14 48 89
18 33 40 41 61 70 78 88
19 9 28 39 40
20 11 47 61 67 80
21 35 49 67 68 77 78 83 91
22 23 38 41 74
23 7 22 25 30 41 70
24 3 15 70 79
25 6 14 23 34 51 74
26 57 63 79 81
27 13 64 66 71 86
28 9 19 31 44 49 74 77 85
29 41 46 74
30 23 61 73 90
31 4 28 35 48 57 82
32 60
33 13 18 39 44 75 77
34 0 11 12 25 43 71 76
35 7 21 31 36 43
36 2 35 42
37 11 13 38 40 56 57
38 0 8 22 37 49 59
39 19 33 63 69
40 18 19 37 49 76 91
41 0 18 22 23 29 54 61 78
42 36 70
43 2 9 34 35 55 64 70 79
44 6 7 13 28 33 55 72 73
45 7 12 15 56 61 73
46 15 29 50 57 61 85
47 20 64 79 84
48 3 17 31 73 74
49 21 28 38 40 74
50 1 5 46 54 70 76
51 25 67 80 82 84 85
52 16 84 87
53 54
54 5 41 50 53 82
55 43 44
56 37 45 84 88
57 26 31 37 46 60 81 82
58 14 77 79
59 38 84
60 32 57
61 18 20 30 41 45 46 68
62 16 91
63 26 39 73
64 27 43 47
65 9 68 73
66 27
67 20 21 51
68 21 61 65 90
69 7 39 74 82 90
70 18 23 24 42 43 50 89 91
71 0 5 27 34 88
72 4 44 80
73 6 30 44 45 48 63 65 74
74 10 22 25 28 29 48 49 69 73
75 11 16 33 80
76 34 40 50
77 14 21 28 33 58 87
78 5 6 14 18 21 41 86 92
79 0 24 26 43 47 58
80 13 20 51 72 75 89
81 26 57
82 13 31 51 54 57 69
83 5 12 21 88
84 47 51 52 56 59 88
85 13 28 46 51 86 89
86 3 7 14 27 78 85
87 3 10 52 77
88 18 56 71 83 84
89 0 2 15 17 70 80 85
90 0 30 68 69
91 21 40 62 70
92 1 78
