176 291
0 2 51 56 85 105 108
1 49 114
2 0 49 126
3 37 85 124
4 16 45 123 173
5 47 63 64 85 127 130 170
6 41 85 106
7 68 115 149 155
8 16 70 74 104
9 82 115 149
10 37 111
11 175
12
13 66 87 100 148
14 19 88 102
15 22 100 102 121 143
16 4 8 29 31 39 55 96
17 138
18 85
19 14 31 62 151
20 27 84 90
21 81 124 126
22 15 76 127 135
23 143
24 110 136 164
25 41 54 80
26 75 113
27 20 61 117 129
28 34 59
29 16 60 82
30 39 135
31 16 19 77 91 121 150 163
32
33 77 83
34 28
35 101 107
36
37 3 10 66 118 120 133
38
39 16 30 70 141 142
40 54 79 104 148
41 6 25 131 160
42 50 74 117 120 150
43 66 76 91 118 167
44 60 113 131
45 4 111 124
46 65
47 5 71 79 92
48 56 85 109
49 1 2
50 42 70 94
51 0 91 117 142
52 120
53 77 85 108
54 25 40 160
55 16 67 79 147 166
56 0 48 57 138
57 56 87
58 61 143
59 28
60 29 44 62 109 122 165
61 27 58 67 73 81 101 124
62 19 60 83 155
63 5 69 99 164
64 5 69 140
65 46 71 107 127
66 13 37 43 84 125 138
67 55 61 98 113 122
68 7 131 156
69 63 64 110 127 148
70 8 39 50 133 152
71 47 65
72 86 138 172
73 61 116 123
74 8 42 166
75 26 118 169
76 22 43
77 31 33 53 156
78 79 94
79 40 47 55 78 104
80 25 171
81 21 61 87
82 9 29 100
83 33 62 96 102 108 133 145 158
84 20 66 85 120 174
85 0 3 5 6 18 48 53 84 99 142 161
86 72
87 13 57 81 90 119 142 167
88 14 130 149 166 173
89 105 172
90 20 87
91 31 43 51
92 47 97 135
93 147 153
94 50 78 102
95 132 153
96 16 83 161 171
97 92 167 173
98 67 173
99 63 85 108 119 172
100 13 15 82 116 168
101 35 61 121
102 14 15 83 94
103 126
104 8 40 79
105 0 89
106 6 166
107 35 65 158
108 0 53 83 99 118 140 158
109 48 60 113 117 121
110 24 69 159
111 10 45
112 155
113 26 44 67 109 137 155 159
114 1
115 7 9
116 73 100 146
117 27 42 51 109
118 37 43 75 108
119 87 99
120 37 42 52 84 149
121 15 31 101 109 153 162 174
122 60 67
123 4 73
124 3 21 45 61
125 66 164
126 2 21 103
127 5 22 65 69
128 142 147
129 27
130 5 88 137 144
131 41 44 68
132 95 172
133 37 70 83 141
134
135 22 30 92 159
136 24 140 145 166
137 113 130 143
138 17 56 66 72 150 152
139 153 170
140 64 108 136 141 165
141 39 133 140 157
142 39 51 85 87 128
143 15 23 58 137 161
144 130
145 83 136 163
146 116 159
147 55 93 128 158 166 169
148 13 40 69
149 7 9 88 120
150 31 42 138 161
151 19
152 70 138
153 93 95 121 139 168
154
155 7 62 112 113 163 169
156 68 77 166
157 141
158 83 107 108 147
159 110 113 135 146 162
160 41 54
161 85 96 143 150
162 121 159
163 31 145 155
164 24 63 125
165 60 140
166 55 74 88 106 136 147 156
167 43 87 97 173
168 100 153
169 75 147 155
170 5 139
171 80 96
172 72 89 99 132
173 4 88 97 98 167
174 84 121
175 11
