46 319
0 4 16 17 21 27 30 31 33 34 35 36 37 41
1 5 6 7 8 11 17 20 22 29 35 37 38 41 44
2 12 16 28 34 37 38 40 41
3 6 7 15 23 28 30 31 35 38 43 45
4 0 5 6 9 10 11 15 18 19 21 22 25 27 31 35 37 44
5 1 4 9 11 14 23 27 32 37
6 1 3 4 7 9 11 12 13 21 35 39
7 1 3 6 13 16 18 19 31 36 38 41 44
8 1 10 14 17 18 19 21 24 25 26 30 31 32 33 40
9 4 5 6 10 18 23 25 26 31 35 39
10 4 8 9 12 13 15 18 19 22 24 27 28 34 38 42 45
11 1 4 5 6 14 15 19 20 25 26 27 30 33 35 42 45
12 2 6 10 13 14 16 19 24 25 29 32 36 37 38 42 43
13 6 7 10 12 16 17 18 21 32 33 34 35 37 38
14 5 8 11 12 17 20 21 24 25 35 37 38 39 40 45
15 3 4 10 11 16 19 21 23 24 27 29 31 32 33 34 35 36
16 0 2 7 12 13 15 19 22 24 27 28 29 36 38 39 40 42 43
17 0 1 8 13 14 20 22 25 29 33 43
18 4 7 8 9 10 13 19 21 25 27 28 30 34 38 39 41 42
19 4 7 8 10 11 12 15 16 18 21 22 23 24 25 27 28 29 30 31 32 44
20 1 11 14 17 22 23 37 42
21 0 4 6 8 13 14 15 18 19 22 23 28 30 31 34 35 37 41
22 1 4 10 16 17 19 20 21 23 25 26 28 33 35 36 37 38 39 44
23 3 5 9 15 19 20 21 22 24 29 30 31 32 35 37 42
24 8 10 12 14 15 16 19 23 28 32 36 38
25 4 8 9 11 12 14 17 18 19 22 29 33 35 36 37 40 42 43 44
26 8 9 11 22 32 36 38 40 43 44
27 0 4 5 10 11 15 16 18 19 34 37 41 42
28 2 3 10 16 18 19 21 22 24 32 34 37
29 1 12 15 16 17 19 23 25 32 38 39 40 42
30 0 3 8 11 18 19 21 23 32 42 44 45
31 0 3 4 7 8 9 15 19 21 23 34 35 38 40 41 42 44
32 5 8 12 13 15 19 23 24 26 28 29 30 39 41
33 0 8 11 13 15 17 22 25 34 38 39 43 44
34 0 2 10 13 15 18 21 27 28 31 33 35 39 44
35 0 1 3 4 6 9 11 13 14 15 21 22 23 25 31 34 38 40 43 44
36 0 7 12 15 16 22 24 25 26 38 40 41
37 0 1 2 4 5 12 13 14 20 21 22 23 25 27 28 42
38 1 2 3 7 10 12 13 14 16 18 22 24 26 29 31 33 35 36 39 40
39 6 9 14 16 18 22 29 32 33 34 38 42
40 2 8 14 16 25 26 29 31 35 36 38
41 0 1 2 7 18 21 27 31 32 36 42
42 10 11 12 16 18 20 23 25 27 29 30 31 37 39 41 45
43 3 12 16 17 25 26 33 35
44 1 4 7 19 22 25 26 30 31 33 34 35 45
45 3 10 11 14 30 42 44
