105 69
0 12 47 94
1
2 56 90
3
4
5 48 65
6 31 57 82
7 41
8 89 94
9 86
10 92
11 27 54 74
12 0 40
13 74
14 21 98
15 77 79 97
16
17 37
18 52
19 34
20 104
21 14 68 81
22
23 72 99
24
25 65 91
26
27 11 88
28
29
30 62
31 6 55
32 37 57 89
33
34 19 41 80
35 70
36
37 17 32
38 42 55
39
40 12 66
41 7 34
42 38 95 101
43 84
44
45
46 50 76
47 0 89
48 5
49
50 46
51 64
52 18
53
54 11
55 31 38
56 2
57 6 32
58 79 86
59 94
60 101
61 63
62 30
63 61
64 51
65 5 25 74
66 40 97
67 91
68 21
69
70 35
71 99
72 23
73
74 11 13 65
75
76 46
77 15
78 97
79 15 58 104
80 34
81 21
82 6
83 93
84 43
85
86 9 58
87 101
88 27
89 8 32 47
90 2
91 25 67
92 10
93 83
94 0 8 59 100
95 42
96 104
97 15 66 78
98 14
99 23 71
100 94
101 42 60 87
102
103
104 20 79 96
