38 84
0 24 27
1 19 37
2 19 28 36 37
3 20 24 32 35
4 9 19 27 28 34 36
5 28 31
6 23 30 32
7 20 23 27 28 35 36
8 31
9 4 23 25 31 32
10 23 28 29 30
11 21 22 24 26 27 29 31 32
12 25 26 28 30 32
13 23 28 30 33 34 36
14 21 26 34 37
15 27 31 33 36
16 17 19 25 26 29 32 33
17 16 19 22 37
18 24 30
19 1 2 4 16 17
20 3 7
21 11 14
22 11 17 31
23 6 7 9 10 13 29
24 0 3 11 18
25 9 12 16
26 11 12 14 16
27 0 4 7 11 15 28 30
28 2 4 5 7 10 12 13 27 29
29 10 11 16 23 28
30 6 10 12 13 18 27
31 5 8 9 11 15 22
32 3 6 9 11 12 16
33 13 15 16
34 4 13 14
35 3 7 37
36 2 4 7 13 15 37
37 1 2 14 17 35 36
