47 126
0 3 12 16 17 20 21 23 34 39
1 4 14 32 43
2 7 23
3 0 20 41
4 1 11 21 43 45
5 6 15 31 42
6 5 14 39 44
7 2 20 33 40 45
8 9 39 41 45
9 8 28 40 44
10 18 19 29 37 46
11 4 12 36
12 0 11 28 36 39 45
13 15 31 34 43
14 1 6 18 20 27 39 43 46
15 5 13 23 43
16 0 27 29 34 35 38 39
17 0 35 39 40 45
18 10 14 27 29 38 46
19 10 43 45
20 0 3 7 14 27 37 39
21 0 4 26 34 40 45
22 27 40
23 0 2 15 26 30
24 29 33 36
25 26 32 37
26 21 23 25 36 40 42
27 14 16 18 20 22 30 32
28 9 12 32 37 39 43 45
29 10 16 18 24 38 40
30 23 27 42
31 5 13 32 36 39 44
32 1 25 27 28 31 37 40 44 46
33 7 24 45
34 0 13 16 21 36
35 16 17 36
36 11 12 24 26 31 34 35 38 42 44
37 10 20 25 28 32 41 43
38 16 18 29 36 42
39 0 6 8 12 14 16 17 20 28 31
40 7 9 17 21 22 26 29 32
41 3 8 37
42 5 26 30 36 38 45
43 1 4 13 14 15 19 28 37
44 6 9 31 32 36
45 4 7 8 12 17 19 21 28 33 42
46 10 14 18 32
