23 89
0 2 5 6 13 15 17 19 22
1 5 6 10 11 14 16 17 19 21
2 0 4 8 9 12 13 15 17 19 20
3 6 16 17 18
4 2 6 13 14 17 20 21
5 0 1 6 7 9 11 14 17 20 22
6 0 1 3 4 5 12 16 17 18 19 22
7 5 8 9 13 15 17 18 19 20
8 2 7 9 12 14 15 18 19 21
9 2 5 7 8 12 15 17 22
10 1 12 21 22
11 1 5
12 2 6 8 9 10 13 15 16 20 21
13 0 2 4 7 12 15 20
14 1 4 5 8 15
15 0 2 7 8 9 12 13 14 16 17
16 1 3 6 12 15 17
17 0 1 2 3 4 5 6 7 9 15 16 22
18 3 6 7 8 19 21
19 0 1 2 6 7 8 18 20 21 22
20 2 4 5 7 12 13 19
21 1 4 8 10 12 18 19
22 0 5 6 9 10 17 19
