31 154
0 1 5 9 11 12 16 22 25 27 29
1 0 4 5 9 10 13 14 19 20
2 11 12 14 19 20 28
3 4 13 18 19 26 29
4 1 3 5 9 12 18 19 22 24 25 28
5 0 1 4 11 12 14 16 17 19 21 22
6 7 8 9 11 14 20 22 25 26 29 30
7 6 8 10 17 19 21 23 26 28
8 6 7 9 10 13 15 17 19 20 25 27 29 30
9 0 1 4 6 8 10 13 14 19 22 25 28 29 30
10 1 7 8 9 11 19 21 24 26 30
11 0 2 5 6 10 12 27 28
12 0 2 4 5 11 18 19 20 25 27 28
13 1 3 8 9 15 16 23 24 25 26 27
14 1 2 5 6 9 15 20 22 23 24
15 8 13 14 17 19 23 27 28 29
16 0 5 13 19 20 22 23 24 30
17 5 7 8 15 18 21 22 25 26
18 3 4 12 17 20 23 29
19 1 2 3 4 5 7 8 9 10 12 15 16 26
20 1 2 6 8 12 14 16 18 22 23 25 26 27 29
21 5 7 10 17 27 29
22 0 4 5 6 9 14 16 17 20 25 26 29
23 7 13 14 15 16 18 20 25 28 30
24 4 10 13 14 16 25 27 28
25 0 4 6 8 9 12 13 17 20 22 23 24 28
26 3 6 7 10 13 17 19 20 22 27 29
27 0 8 11 12 13 15 20 21 24 26
28 2 4 7 9 11 12 15 23 24 25
29 0 3 6 8 9 15 18 20 21 22 26
30 6 8 9 10 16 23
