84 130
0 29 56 80
1 10 23 24 37 56 61
2 10 29 53
3 60
4 11 52
5 29
6 35 36
7 26 39 48 59
8 32 77
9 37 38
10 1 2 59 71
11 4 15 23 50 69 76 79
12 19 26 38
13 22 64
14 23 54 82
15 11 20 61 75
16 38 43 68
17 36
18
19 12 67
20 15 28 65
21 67
22 13
23 1 11 14 42 68
24 1 41 63 79
25 33
26 7 12 30 50
27 51 54
28 20 34 38 40 47 69 78
29 0 2 5
30 26 32 38 42 50
31 53
32 8 30 49 51
33 25 39
34 28 72 78
35 6 48 49 80
36 6 17 40 64 74 79
37 1 9 38
38 9 12 16 28 30 37 55 63 81
39 7 33 48 67 76
40 28 36 71
41 24 75
42 23 30 56 62 66 77
43 16 55
44 71 76
45 56 60
46 52 71
47 28 63
48 7 35 39 54 70 80 82
49 32 35
50 11 26 30
51 27 32
52 4 46
53 2 31 75 80 83
54 14 27 48 76
55 38 43 64
56 0 1 42 45 59 77
57
58 64
59 7 10 56 76
60 3 45 69
61 1 15
62 42
63 24 38 47 83
64 13 36 55 58 74
65 20
66 42
67 19 21 39
68 16 23
69 11 28 60 72 81
70 48
71 10 40 44 46
72 34 69
73 75 76 83
74 36 64
75 15 41 53 73 77 79
76 11 39 44 54 59 73
77 8 42 56 75
78 28 34
79 11 24 36 75
80 0 35 48 53
81 38 69
82 14 48
83 53 63 73
