43 191
0 2 7 13 17 23 26 36 38
1 9 11 24 31 39 41
2 0 8 13 14 20 22 24 27 38 39 42
3 10 14 18 24 34 40 42
4 7 11 13 15 16 20 22 26 35 37 41
5 7 14 16 19 27 33
6 8 11 12 20 28 33 34 42
7 0 4 5 8 10 15 17 35
8 2 6 7 18 25 26 27 31 38 40 41
9 1 15 22 29 33 42
10 3 7 20 29 32 33
11 1 4 6 13 16 18 19 21 24 25 30 31 34 37
12 6 17 23 33 37 38 42
13 0 2 4 11 27 29 36 38 40
14 2 3 5 15 25 31 32 33 42
15 4 7 9 14 30 31 34
16 4 5 11 17 24 27 34 39 41
17 0 7 12 16 18 21 28 29 30 33 35 39
18 3 8 11 17 27 30 35 37 38
19 5 11 27 30 31 42
20 2 4 6 10 26 30 39 40
21 11 17 25 26 27 28 37 38 40
22 2 4 9 23 25 28 30 33 34 35 36 38
23 0 12 22 27 28 35 37 38 40
24 1 2 3 11 16 35 37 39 41
25 8 11 14 21 22
26 0 4 8 20 21 27 29 31 33 37
27 2 5 8 13 16 18 19 21 23 26 37 40
28 6 17 21 22 23 39 42
29 9 10 13 17 26 34 35 42
30 11 15 17 18 19 20 22 33 37 42
31 1 8 11 14 15 19 26 32 33
32 10 14 31 33 37
33 5 6 9 10 12 14 17 22 26 30 31 32 41 42
34 3 6 11 15 16 22 29
35 4 7 17 18 22 23 24 29 36 38
36 0 13 22 35 40 42
37 4 11 12 18 21 23 24 26 27 30 32 38
38 0 2 8 12 13 18 21 22 23 35 37 41 42
39 1 2 16 17 20 24 28
40 3 8 13 20 21 23 27 36 41
41 1 4 8 16 24 33 38 40
42 2 3 6 9 12 14 19 28 29 30 33 36 38
