42 97
0 10 27 28 29 37 38
1 22 25 33
2 13 23 30 34 37 39
3 9 21 26
4 21 27 32 33 34
5 6 10 13 16
6 5 8 15 21 31 34 36 38
7 19 20 27 37 39
8 6 29 31 36 39 40
9 3 23 27 33
10 0 5 29 36
11 23 28 33 36 39
12 32 34 41
13 2 5 28 32 33 39
14 25 29 33 34 39 40
15 6 22 28 31 34 40
16 5 33
17 19 23 24 27 29 33 37 40
18 21 24 25 34
19 7 17 21 27 33
20 7 21 22 31 36
21 3 4 6 18 19 20 32
22 1 15 20
23 2 9 11 17
24 17 18
25 1 14 18 27
26 3
27 0 4 7 9 17 19 25
28 0 11 13 15
29 0 8 10 14 17 37
30 2
31 6 8 15 20
32 4 12 13 21
33 1 4 9 11 13 14 16 17 19
34 2 4 6 12 14 15 18 40
35 40
36 6 8 10 11 20
37 0 2 7 17 29
38 0 6
39 2 7 8 11 13 14
40 8 14 15 17 34 35
41 12
