98 181
0 1 2 3 4 5 6 7 30 47 78
1 0 2 3 4 5 6 7
2 0 1 3 4 5 6 7 45
3 0 1 2 4 5 6 7
4 0 1 2 3 5 6 7 11
5 0 1 2 3 4 6 7 91
6 0 1 2 3 4 5 7
7 0 1 2 3 4 5 6
8 9 10 11 12 13 14 15 16
9 8 10 11 12 13 14 15 16
10 8 9 11 12 13 14 15 16
11 4 8 9 10 12 13 14 15 16 24 55 65
12 8 9 10 11 13 14 15 16
13 8 9 10 11 12 14 15 16
14 8 9 10 11 12 13 15 16 70 77
15 8 9 10 11 12 13 14 16
16 8 9 10 11 12 13 14 15 21 41 47
17 18 19 20 21 22 23 24 25 26
18 17 19 20 21 22 23 24 25 26 55
19 17 18 20 21 22 23 24 25 26
20 17 18 19 21 22 23 24 25 26
21 16 17 18 19 20 22 23 24 25 26 27
22 17 18 19 20 21 23 24 25 26 30 81
23 17 18 19 20 21 22 24 25 26
24 11 17 18 19 20 21 22 23 25 26 94
25 17 18 19 20 21 22 23 24 26
26 17 18 19 20 21 22 23 24 25 84
27 21 28 29 30 31 32 33
28 27 29 30 31 32 33 67
29 27 28 30 31 32 33
30 0 22 27 28 29 31 32 33 76 96
31 27 28 29 30 32 33
32 27 28 29 30 31 33 36 85
33 27 28 29 30 31 32
34 35 36 37 38 39
35 34 36 37 38 39
36 32 34 35 37 38 39
37 34 35 36 38 39 59
38 34 35 36 37 39 69
39 34 35 36 37 38
40
41 16
42
43 85
44
45 2
46
47 0 16
48 57
49 51
50
51 49
52
53
54
55 11 18
56
57 48 88
58 86
59 37
60
61
62 86
63 84
64 77
65 11
66
67 28
68
69 38
70 14
71
72
73
74
75
76 30 85
77 14 64
78 0
79
80
81 22
82
83
84 26 63
85 32 43 76
86 58 62
87
88 57
89
90
91 5
92
93
94 24
95
96 30
97
