99 100
0 11 33 85
1 17 19
2 41 79 92
3 21 55
4
5 46 48
6 14 29 45 91 93
7
8 34 37 38 43 94
9 20 91 92
10 13 30 91
11 0 17 38 45
12 15
13 10
14 6
15 12 31 86 90
16 27 42 46
17 1 11 29 35 36 70
18 52 59
19 1
20 9 82
21 3 95
22 28 77 84
23
24 52 56 60
25
26 63
27 16 69
28 22
29 6 17 76
30 10 79 82
31 15 72 95
32 49 68 79
33 0 74
34 8 46
35 17 59
36 17
37 8 57 64
38 8 11 44 60 70 80
39 72
40
41 2 51
42 16 60
43 8
44 38 71 88
45 6 11 58 72
46 5 16 34 53
47 54
48 5
49 32 83 90
50 55 80
51 41 67
52 18 24
53 46
54 47
55 3 50
56 24
57 37
58 45
59 18 35
60 24 38 42
61 67
62
63 26 88
64 37 81
65 88
66 86 88
67 51 61
68 32
69 27
70 17 38
71 44
72 31 39 45
73
74 33
75 82 86
76 29 92
77 22
78
79 2 30 32 80 83
80 38 50 79
81 64
82 20 30 75
83 49 79
84 22 91 98
85 0 91
86 15 66 75
87 97
88 44 63 65 66
89
90 15 49
91 6 9 10 84 85
92 2 9 76
93 6
94 8
95 21 31
96
97 87
98 84
