19 101
0 1 2 3 4 5 6 7 8 10 12 13 14 18
1 0 4 7 8 10 12 13
2 0 3 4 5 6 7 8 10 12 13 14 15 17 18
3 0 2 5 6 8 9 10 13 15 16
4 0 1 2 6 7 8 9 10 12 14 15 16 17 18
5 0 2 3 6 7 9 10 11 13 14 17
6 0 2 3 4 5 9 10 15 18
7 0 1 2 4 5 8 9 11 15 16 17 18
8 0 1 2 3 4 7 9 11 13 14 15 16 18
9 3 4 5 6 7 8 10 15 16 17
10 0 1 2 3 4 5 6 9 12 13 14 17
11 5 7 8 12 14 16 17 18
12 0 1 2 4 10 11 13 14 15 16 18
13 0 1 2 3 5 8 10 12 14 16 18
14 0 2 4 5 8 10 11 12 13
15 2 3 4 6 7 8 9 12 16
16 3 4 7 8 9 11 12 13 15 18
17 2 4 5 7 9 10 11 18
18 0 2 4 6 7 8 11 12 13 16 17
