47 68
0 1 44
1 0 21 22
2 7 12 13 29
3 14 19 30
4 20 29
5 14
6 13 35 40 45
7 2 9 33
8 9 14 27 29 39
9 7 8 22 26
10 12 26 43
11 19 25 28 29 45
12 2 10 35 46
13 2 6 15 32 38
14 3 5 8 26
15 13 35
16 32 40
17 19 23 35
18 19 25 41
19 3 11 17 18 36
20 4 38
21 1 42 45
22 1 9
23 17 24 32 40 42
24 23 26
25 11 18 26 27
26 9 10 14 24 25 46
27 8 25 29
28 11
29 2 4 8 11 27
30 3 45
31
32 13 16 23
33 7
34
35 6 12 15 17 40
36 19
37
38 13 20 40
39 8
40 6 16 23 35 38 45
41 18
42 21 23 46
43 10
44 0
45 6 11 21 30 40
46 12 26 42
