25 112
0 1 3 8 10 12 16 17 24
1 0 2 4 5 9 11 12 17 23 24
2 1 6 7 8 10 12 13 17 19 22
3 0 7 11 12 13 16 24
4 1 5 18 20 22 24
5 1 4 8 9 13 19 21 23 24
6 2 7 12 16 17 18 21
7 2 3 6 8 11 13 15 16 17 18 20 22 24
8 0 2 5 7 14 16
9 1 5 11 12 14 15 18 19 21 24
10 0 2 14 16 18 21 22
11 1 3 7 9 13 14 15 17 18 19 21 22 24
12 0 1 2 3 6 9 14 16 17 24
13 2 3 5 7 11 14 16 20 21
14 8 9 10 11 12 13 15 16 17 21 22
15 7 9 11 14 18 21
16 0 3 6 7 8 10 12 13 14 18 20 24
17 0 1 2 6 7 11 12 14 19 23 24
18 4 6 7 9 10 11 15 16 19 22
19 2 5 9 11 17 18 21 22 24
20 4 7 13 16
21 5 6 9 10 11 13 14 15 19 23 24
22 2 4 7 10 11 14 18 19
23 1 5 17 21
24 0 1 3 4 5 7 9 11 12 16 17 19 21
