128 689
0 8 11 41 44 48 50 60 68 76 77 93 100 103 106 109
1 3 20 25 43 44 59 62 77 79 81 91 97 103 104 111 113 122 126 127
2 4 10 49 51 52 63 70
3 1 4 15 49 54 56 61 63 76 96 127
4 2 3 7 11 20 27 32 48 49 51 53 78 99 108 109 125
5 27 50 55 64 69 77 81 113 115 118
6 20 36 40 47 55 69 72 78 90 93 99 116
7 4 23 30 39 51 75 108 116
8 0 37 41 49 52 70 87 102 105 106
9 21 24 47 58 78 94
10 2 26 31 54 57 65 67 79 82 86
11 0 4 18 20 47 50 61 74 89 95 96 115 124
12 23 50 68 71 89 92 110 119
13 17 22 24 25 74 98 105 108
14 18 19 34 47 57 61 62 89 97 105 109 119 122
15 3 42 55 56 58 69 84 91 94 110 127
16 21 50 56 72 85 92 114 119
17 13 23 24 34 81 101 103 109 110
18 11 14 49 59 64 65 81 118 119 126
19 14 24 40 46 48 50 59 66 76 79 95 99 108 119
20 1 4 6 11 22 41 45 53 58 78 97 99 105
21 9 16 29 48 49 61 95 96 102
22 13 20 26 29 62 75 76 85 96 104 105 120
23 7 12 17 47 52 64 96 100 106 111 120
24 9 13 17 19 38 42 54 92 93 106 113 121 126
25 1 13 44 52 56 60 84 96
26 10 22 53 65 74 80 84 106 116
27 4 5 39 55 93 108 127
28 30 53 59 66 79 88 93 113
29 21 22 41 55 67 110 113 116 122 125
30 7 28 40 43 47 63 76 116
31 10 35 41 93 117 125
32 4 33 38 46 53 72 75 105
33 32 45 48 59 64 72 75 89 125
34 14 17 36 48 61 76 83 103 125
35 31 38 63 94 101 121
36 6 34 40 41 49 51 63 68 81 95 98 103 109 125 127
37 8 48 61 104 114 122
38 24 32 35 56 67 80 85 87 100 111 118
39 7 27 69 87 97 100 101
40 6 19 30 36 46 55 64 66 90 110 114 117 121 122
41 0 8 20 29 31 36 66 67 81 91 117 122
42 15 24 44 57 67 102 117 118 122
43 1 30 58 70 81 83 112 125
44 0 1 25 42 67 78 80 88 106 107
45 20 33 55 97 111 119 120 123
46 19 32 40 51 68 77 84 88 93 97 121
47 6 9 11 14 23 30 60 67 89 100 104 106 108 109 116 118 119
48 0 4 19 21 33 34 37 66 68 76 103 115 125
49 2 3 4 8 18 21 36 61 86 97 99 102 107 114 127
50 0 5 11 12 16 19 54 73 84 85 94 98 106 125
51 2 4 7 36 46 56 66 95 100 102 109 110 122 123
52 2 8 23 25 77 90 97 99 101 109 115
53 4 20 26 28 32 72 98 108
54 3 10 24 50 61 69 73 101 109 113
55 5 6 15 27 29 40 45 111 113
56 3 15 16 25 38 51 58 96 110 113 120 121
57 10 14 42 59 62 79 88 95 112 121
58 9 15 20 43 56 63 69 85 99 101 119 127
59 1 18 19 28 33 57 69 75 86 89 92 97 103 104 120
60 0 25 47 74 78 88 109 114
61 3 11 14 21 34 37 49 54 64 80 113 116
62 1 14 22 57 79 90 107 112 121
63 2 3 30 35 36 58 75 90 96 123 126
64 5 18 23 33 40 61 68 84 119 122
65 10 18 26 68 70 76 81 91 102 108 121
66 19 28 40 41 48 51 78
67 10 29 38 41 42 44 47 84 108 113 117 120 124 127
68 0 12 36 46 48 64 65 78 86 89 101 108 110 112 118 127
69 5 6 15 39 54 58 59 70 86 95 100 108 111
70 2 8 43 65 69 72 73 76 110
71 12 74 81 94 110
72 6 16 32 33 53 70 75 78 81 102 115 117 120
73 50 54 70 78 81 86 88 101 109
74 11 13 26 60 71 79 104 127
75 7 22 32 33 59 63 72 92 102 103
76 0 3 19 22 30 34 48 65 70 94 104 107 111 114
77 0 1 5 46 52 83 91 95 103 116
78 4 6 9 20 44 60 66 68 72 73 81 97 98 104 122
79 1 10 19 28 57 62 74 89 95 98 101
80 26 38 44 61 88 91 98 117
81 1 5 17 18 36 41 43 65 71 72 73 78 84 88
82 10 86 89 95 122
83 34 43 77 89 95
84 15 25 26 46 50 64 67 81 87 89 93 114 118
85 16 22 38 50 58 86 107 121
86 10 49 59 68 69 73 82 85 114 120 127
87 8 38 39 84 90 97 98 101 105 109 111 115
88 28 44 46 57 60 73 80 81 103 116
89 11 12 14 33 47 59 68 79 82 83 84 90 99 101 114 115
90 6 40 52 62 63 87 89 105 111 118 124
91 1 15 41 65 77 80 122
92 12 16 24 59 75 93 94 96 102 118
93 0 6 24 27 28 31 46 84 92 98 113 127
94 9 15 35 50 71 76 92 95
95 11 19 21 36 51 57 69 77 79 82 83 94 107 122
96 3 11 21 22 23 25 56 63 92 124
97 1 14 20 39 45 46 49 52 59 78 87 98 120
98 13 36 50 53 78 79 80 87 93 97 109
99 4 6 19 20 49 52 58 89 101 107 110 113 121 127
100 0 23 38 39 47 51 69 120 122
101 17 35 39 52 54 58 68 73 79 87 89 99
102 8 21 42 49 51 65 72 75 92 107 120 123
103 0 1 17 34 36 48 59 75 77 88
104 1 22 37 47 59 74 76 78 107 112
105 8 13 14 20 22 32 87 90 108 116 123 125 127
106 0 8 23 24 26 44 47 50 115 119 124
107 44 49 62 76 85 95 99 102 104 108 116 117 125
108 4 7 13 19 27 47 53 65 67 68 69 105 107 113 118 123
109 0 4 14 17 36 47 51 52 54 60 73 87 98 115
110 12 15 17 29 40 51 56 68 70 71 99 122 127
111 1 23 38 45 55 69 76 87 90
112 43 57 62 68 104 125
113 1 5 24 28 29 54 55 56 61 67 93 99 108 121
114 16 37 40 49 60 76 84 86 89
115 5 11 48 52 72 87 89 106 109 117 124
116 6 7 26 29 30 47 61 77 88 105 107 124
117 31 40 41 42 67 72 80 107 115 121
118 5 18 38 42 47 68 84 90 92 108 123 125
119 12 14 16 18 19 45 47 58 64 106 120
120 22 23 45 56 59 67 72 86 97 100 102 119 122
121 24 35 40 46 56 57 62 65 85 99 113 117 123
122 1 14 29 37 40 41 42 51 64 78 82 91 95 100 110 120
123 45 51 63 102 105 108 118 121
124 11 67 90 96 106 115 116
125 4 29 31 33 34 36 43 48 50 105 107 112 118
126 1 18 24 63
127 1 3 15 27 36 49 58 67 68 74 86 93 99 105 110
