158 236
0 1 2 3 4 5 6 7 117
1 0 2 3 4 5 6 7 37
2 0 1 3 4 5 6 7 97
3 0 1 2 4 5 6 7 93
4 0 1 2 3 5 6 7 75
5 0 1 2 3 4 6 7
6 0 1 2 3 4 5 7 121
7 0 1 2 3 4 5 6 76 150
8 9 10 11 12 13 14 15 16 23
9 8 10 11 12 13 14 15 16
10 8 9 11 12 13 14 15 16 122 134
11 8 9 10 12 13 14 15 16 135
12 8 9 10 11 13 14 15 16 36 58
13 8 9 10 11 12 14 15 16 148
14 8 9 10 11 12 13 15 16
15 8 9 10 11 12 13 14 16 118
16 8 9 10 11 12 13 14 15 75
17 18 19 20 21 22 23 24 25 26
18 17 19 20 21 22 23 24 25 26
19 17 18 20 21 22 23 24 25 26 60 66 121
20 17 18 19 21 22 23 24 25 26 64 91
21 17 18 19 20 22 23 24 25 26 156
22 17 18 19 20 21 23 24 25 26 59 63
23 8 17 18 19 20 21 22 24 25 26
24 17 18 19 20 21 22 23 25 26 28 57 89
25 17 18 19 20 21 22 23 24 26 31
26 17 18 19 20 21 22 23 24 25
27 28 29 30 31 32 33 34
28 24 27 29 30 31 32 33 98
29 27 28 30 31 32 33 52
30 27 28 29 31 32 33 111
31 25 27 28 29 30 32 33
32 27 28 29 30 31 33 66 134
33 27 28 29 30 31 32 136
34 27 35 36 37 38 39 146
35 34 36 37 38 39 105
36 12 34 35 37 38 39 101
37 1 34 35 36 38 39
38 34 35 36 37 39 142 155
39 34 35 36 37 38 78
40
41
42 119
43 131 144
44 126
45
46 109
47 64 124
48 61
49 89
50
51 69
52 29 84 88
53 85
54 128
55
56
57 24 131
58 12 152
59 22 69 79
60 19
61 48 66
62 131
63 22 75
64 20 47
65 88 97
66 19 32 61 123
67
68
69 51 59
70
71
72
73 117 135 137
74
75 4 16 63 146
76 7 116
77 102
78 39 119
79 59
80 132
81
82 139
83
84 52
85 53 134 140
86
87
88 52 65 98
89 24 49
90
91 20
92
93 3
94 125 136
95
96
97 2 65 116 146
98 28 88 118
99
100
101 36
102 77
103
104
105 35
106 119 121
107 125
108
109 46
110
111 30
112
113
114 115
115 114
116 76 97
117 0 73
118 15 98
119 42 78 106 153
120
121 6 19 106 154
122 10 137
123 66
124 47
125 94 107
126 44
127
128 54
129
130
131 43 57 62
132 80 156
133
134 10 32 85
135 11 73
136 33 94
137 73 122
138
139 82
140 85
141
142 38
143
144 43
145
146 34 75 97
147
148 13
149
150 7
151
152 58
153 119
154 121
155 38
156 21 132
157
