108 324
0 65 67 69
1 24 78
2 16 28 33 37 58 107
3 10 24 49 57 85 92 93
4 26 29 96
5 35 37 84 101
6 14 23 56 61 68 99
7 18 40 46 68 87 95 98 100 102
8 17 27 33 47 102 105
9 14 26 36 62 63 76
10 3 11 24 26 44 54 57 75 77 78 83 86
11 10 18 74 93 103
12 13 34 35 45 104
13 12 16 27 65 74 89 97
14 6 9 61 65 75 86 95 96 106
15 35 50 67 71 74
16 2 13 23 33 34 61 72
17 8 26 42 46 74 81 87 89 96 98 102 106
18 7 11 22 33 39
19 42 97 104
20 21 23 26 35 50 75
21 20 43 78 83 92 94
22 18 28 79 92
23 6 16 20 28 61 76 78 81 89
24 1 3 10 29 42 70
25 29 105
26 4 9 10 17 20 51 53 64 80 92
27 8 13 33 89 97 101
28 2 22 23 70 76 79
29 4 24 25 66 80
30 47 69 71 92 99 104
31 48 56 67 75 84
32 91 96
33 2 8 16 18 27 52 89
34 12 16 57 100 104
35 5 12 15 20 93
36 9 47 50 54
37 2 5 69 72 75 95
38 48 54 63 68 71
39 18 58 78
40 7
41 59 65 74 86 92
42 17 19 24 48 58 60 84 98
43 21 45 107
44 10 66 71 76 84
45 12 43 69 85 90 94 99 105
46 7 17 51 53 57 75 105 106
47 8 30 36 74 82 97
48 31 38 42 58 68 76 77 82 95
49 3 51 55 62 66 85 86 88
50 15 20 36 62 64 69 82 94 95 101 103 106
51 26 46 49 52 55 91
52 33 51 57 60 64 98 99
53 26 46 58 66 73 82 94 103
54 10 36 38 62 72 87
55 49 51 98
56 6 31 92
57 3 10 34 46 52 59 106
58 2 39 42 48 53 64 74 84 99 100
59 41 57 70 72 78 84
60 42 52 86 87
61 6 14 16 23 78 84 94 97
62 9 49 50 54 70 72 76 78 93
63 9 38 83 84 94 98 103
64 26 50 52 58 66 85 102
65 0 13 14 41 68 69
66 29 44 49 53 64 68 106
67 0 15 31 90 98
68 6 7 38 48 65 66 77
69 0 30 37 45 50 65 75 91
70 24 28 59 62 89
71 15 30 38 44 86 101
72 16 37 54 59 62 81
73 53 95
74 11 13 15 17 41 47 58 81 104
75 10 14 20 31 37 46 69 80
76 9 23 28 44 48 62 79 86
77 10 48 68 104
78 1 10 21 23 39 59 61 62 81 93
79 22 28 76 85
80 26 29 75
81 17 23 72 74 78 98
82 47 48 50 53 106
83 10 21 63 89
84 5 31 42 44 58 59 61 63
85 3 45 49 64 79 90
86 10 14 41 49 60 71 76 104
87 7 17 54 60 107
88 49 100
89 13 17 23 27 33 70 83 104
90 45 67 85 94
91 32 51 69 95
92 3 21 22 26 30 41 56 99
93 3 11 35 62 78 99
94 21 45 50 53 61 63 90 104
95 7 14 37 48 50 73 91
96 4 14 17 32 103
97 13 19 27 47 61
98 7 17 42 52 55 63 67 81
99 6 30 45 52 58 92 93
100 7 34 58 88
101 5 27 50 71
102 7 8 17 64
103 11 50 53 63 96
104 12 19 30 34 74 77 86 89 94 107
105 8 25 45 46
106 14 17 46 50 57 66 82
107 2 43 87 104
