146 877
0 2 11 49 59 63 69 71 78 79 91 115 124 136 139
1 28 44 70 73 86 91 100 106 117 120 121 122 126 139
2 0 15 33 41 55 58 70 72 82 84 101 123 124
3 19 37 64 72 109 111 139 140
4 5 31 42 50 52 91 102 113 122
5 4 7 9 15 16 21 44 49 59 62 86 90 94 99 103 115
6 10 26 33 38 73 87 110 122 135 144
7 5 45 60 76 84 85 86 97 109 138 141
8 11 35 38 44 45 92 108 137 144
9 5 15 32 46 52 56 73 76 114 133
10 6 14 25 27 37 38 45 58 70 75 90 110 112 117 124 127 133
11 0 8 13 36 58 62 66 70 71 72 83 95 106 136
12 29 31 62 67 78 79 80 87 88 107
13 11 14 24 37 39 60 66 79 87 105 106 114 117 118 120 125 127 130 140
14 10 13 51 69 95 96 98 101 106
15 2 5 9 18 25 29 46 49 51 57 59 82 93 97 102 107 119 120 127
16 5 45 53 59 65 80 86 88 101 103 118 126 135
17 25 55 56 60 61 81 96 118 122 129 137 145
18 15 22 46 60 62 72 74 87 89 104 110 119 142
19 3 23 26 30 49 50 58 60 70 81 93 126
20 24 30 39 67 129
21 5 28 52 61 97 101 125 128 129 139 143
22 18 37 42 61 68 77 82 85 89 107 108 109 110 116 118 127 141 144
23 19 52 53 55 80 87 91 128 142
24 13 20 70 92 93 96 104 120 125 136 144
25 10 15 17 41 52 61 67 80 84 93 114 121 135 137
26 6 19 43 47 78 80 93 105 107 108 110 116 132 135 136
27 10 39 73 82 88 97 98 109 119
28 1 21 30 35 37 44 53 57 72 87 92 102 105 113 127
29 12 15 46 47 64 68 72 93 98 103 122 133
30 19 20 28 33 56 75 84 111 118 123 135
31 4 12 50 51 61 65 74 80 102 115 119
32 9 50 59 93 96 107 108 112 126 132
33 2 6 30 42 43 55 62 67 81 84 88 92 100 108 114 115 123 131
34 48 58 62 65 66 75 86 127 129 135
35 8 28 38 41 43 84 103 118 122 129 138
36 11 41 71 106 117 122 126
37 3 10 13 22 28 41 59 89 94 103 112 120 133
38 6 8 10 35 49 55 60 68 75 81 82 98 110 124 125 128 131 136
39 13 20 27 56 90 94 110
40 51 61 63 64 90 96 142
41 2 25 35 36 37 53 68 90 106 114 122
42 4 22 33 50 120
43 26 33 35 56 60 67 90 103 110 119 128 130 145
44 1 5 8 28 53 67 75 78 83 84 85 86 91 92 98 107 117 120 122 125 130 135 136 139
45 7 8 10 16 51 58 74 86 95 103 138
46 9 15 18 29 52 53 67 108 118 130 134 142 144 145
47 26 29 51 53 83 93 133 143
48 34 56 58 79 94 99 118 121 134
49 0 5 15 19 38 65 71 92 95 97 116 140
50 4 19 31 32 42 77 79 88 96 97 107 134 139
51 14 15 31 40 45 47 52 68 90 97 127
52 4 9 21 23 25 46 51 67 83 91 99 111 112 126
53 16 23 28 41 44 46 47 68 70 72 77 98 101 126 137
54 61 77 79 99 120 127 139
55 2 17 23 33 38 62 110 121
56 9 17 30 39 43 48 65 90 103 104 118 122 124 133 141
57 15 28 60 68 89 107 112 114 123 127
58 2 10 11 19 34 45 48 62 63 74 80
59 0 5 15 16 32 37 75 78 82 83 109 110 115 116 126
60 7 13 17 18 19 38 43 57 66 67 87 89 105 113 114 128 129 132
61 17 21 22 25 31 40 54 77 89 104 127 128
62 5 11 12 18 33 34 55 58 63 86 87 139 144
63 0 40 58 62 73 94 111 120 124 132 137
64 3 29 40 74 82 91 105 111 125 127
65 16 31 34 49 56 69 72 91 137 138
66 11 13 34 60 80 81 88 90 91 95 105 141
67 12 20 25 33 43 44 46 52 60 75 77 87
68 22 29 38 41 51 53 57 95 109 115 127 131 141
69 0 14 65 80 81 90 144
70 1 2 10 11 19 24 53 84 115 126 142 143
71 0 11 36 49 79 81 94 95 99 104 127 133 141 144
72 2 3 11 18 28 29 53 65 94 104 111
73 1 6 9 27 63 91 105 111 117 124 130 135 142 143 144
74 18 31 45 58 64 78 94 97 123 130 144
75 10 30 34 38 44 59 67 86 110 114 128 139
76 7 9 93 96 111 127 134 137 142 144
77 22 50 53 54 61 67 141
78 0 12 26 44 59 74 81 88 115 119 127 133 138
79 0 12 13 48 50 54 71 80 88 94 108 131
80 12 16 23 25 26 31 58 66 69 79 88 98 111 122 124 125 132 139 143 144
81 17 19 33 38 66 69 71 78 92 103 116 129 130
82 2 15 22 27 38 59 64 94 95 113 122 135 141
83 11 44 47 52 59 99 103 117 121 136
84 2 7 25 30 33 35 44 70 90 105 108 136
85 7 22 44 88 90 104 129
86 1 5 7 16 34 44 45 62 75 120 123 136
87 6 12 13 18 23 28 60 62 67 102 124 140
88 12 16 27 33 50 66 78 79 80 85 124 133 139
89 18 22 37 57 60 61 105 115 116 141
90 5 10 39 40 41 43 51 56 66 69 84 85 104 116 130 135 143
91 0 1 4 23 44 52 64 65 66 73 99 105 107 109 112 120 139
92 8 24 28 33 44 49 81 122 136
93 15 19 24 25 26 29 32 47 76 95 104 111 115 126 131
94 5 37 39 48 63 71 72 74 79 82 99 103 128
95 11 14 45 49 66 68 71 82 93 96 120 125 135 143
96 14 17 24 32 40 50 76 95 110 117 118
97 7 15 21 27 49 50 51 74 100
98 14 27 29 38 44 53 80 101 103 127 140
99 5 48 52 54 71 83 91 94 100 119 129
100 1 33 97 99 141 145
101 2 14 16 21 53 98 114 120 122 144
102 4 15 28 31 87 109 119 132 141
103 5 16 29 35 37 43 45 56 81 83 94 98 115 135
104 18 24 56 61 71 72 85 90 93 124 131 133 139
105 13 26 28 60 64 66 73 84 89 91 110 114 122 138
106 1 11 13 14 36 41 112 129
107 12 15 22 26 32 44 50 57 91 112 141 142 144 145
108 8 22 26 32 33 46 79 84 116 118
109 3 7 22 27 59 68 91 102 122 124 132
110 6 10 18 22 26 38 39 43 55 59 75 96 105 124 129
111 3 30 52 63 64 72 73 76 80 93 119 125 140 143
112 10 32 37 52 57 91 106 107 119 126 136
113 4 28 60 82 121 132
114 9 13 25 33 41 57 60 75 101 105 124
115 0 5 31 33 59 68 70 78 89 93 103 120 133 138
116 22 26 49 59 81 89 90 108 126 131 133 144
117 1 10 13 36 44 73 83 96 129 131 139 142
118 13 16 17 22 30 35 46 48 56 96 108 119 121 138
119 15 18 27 31 43 78 99 102 111 112 118 142 144
120 1 13 15 24 37 42 44 54 63 86 91 95 101 115 142
121 1 25 48 55 83 113 118 125 127 131 145
122 1 4 6 17 29 35 36 41 44 56 80 82 92 101 105 109 123 127 129
123 2 30 33 57 74 86 122 140
124 0 2 10 38 56 63 73 80 87 88 104 109 110 114 132
125 13 21 24 38 44 64 80 95 111 121 127
126 1 16 19 32 36 52 53 59 70 93 112 116 136 144
127 10 13 15 22 28 34 51 54 57 61 64 68 71 76 78 98 121 122 125
128 21 23 38 43 60 61 75 94 131
129 17 20 21 34 35 60 81 85 99 106 110 117 122 133 135 138
130 13 43 44 46 73 74 81 90 143
131 33 38 68 79 93 104 116 117 121 128 140
132 26 32 60 63 80 102 109 113 124 140 145
133 9 10 29 37 47 56 71 78 88 104 115 116 129 136 143
134 46 48 50 76 138
135 6 16 25 26 30 34 44 73 82 90 95 103 129
136 0 11 24 26 38 44 83 84 86 92 112 126 133
137 8 17 25 53 63 65 76 142 144 145
138 7 35 45 65 78 105 115 118 129 134
139 0 1 3 21 44 50 54 62 75 80 88 91 104 117 141
140 3 13 49 87 98 111 123 131 132
141 7 22 56 66 68 71 77 82 89 100 102 107 139
142 18 23 40 46 70 73 76 107 117 119 120 137
143 21 47 70 73 80 90 95 111 130 133
144 6 8 22 24 46 62 69 71 73 74 76 80 101 107 116 119 126 137
145 17 43 46 100 107 121 132 137
