143 137
0 4 5 30 67
1 23 26 76 131
2 36 45 46
3 20 111 132
4 0 36 84
5 0 68 105
6 83
7 108
8 24 83 94 137
9 69 113
10 41 57 132
11 125
12
13 39
14 111
15 107 137
16
17 51 52
18 33
19
20 3 110
21 90 96 103 119 140
22 67 105
23 1 45 100 123
24 8 53 111
25 109
26 1 70 96 119 139
27
28 40 49 80
29 71
30 0
31 99
32
33 18 110 126
34 44 93 128
35 54
36 2 4 40 43 46 129
37 76
38 125
39 13
40 28 36 111
41 10 81 135
42
43 36 95
44 34
45 2 23
46 2 36
47
48 66 103
49 28 122 142
50 117
51 17
52 17 142
53 24
54 35 134
55 56
56 55 72 106
57 10
58 138
59 97
60
61 112 117
62 98
63 118
64 116
65 122 127 130
66 48
67 0 22
68 5 111
69 9 79 124
70 26 121
71 29
72 56
73 128
74
75
76 1 37
77
78 130
79 69
80 28 131
81 41 136
82 93 117
83 6 8 137
84 4 119 138
85 108
86 102 107 126
87
88 123
89 120
90 21 93 125
91 140
92
93 34 82 90 99
94 8 124
95 43
96 21 26 136
97 59
98 62 99
99 31 93 98 106
100 23
101
102 86 121
103 21 48
104 130
105 5 22
106 56 99 133
107 15 86
108 7 85
109 25
110 20 33 134
111 3 14 24 40 68
112 61 129
113 9 129
114
115
116 64 137
117 50 61 82
118 63 128
119 21 26 84
120 89
121 70 102 123
122 49 65
123 23 88 121 142
124 69 94
125 11 38 90 126
126 33 86 125 136
127 65
128 34 73 118
129 36 112 113 142
130 65 78 104
131 1 80 137
132 3 10
133 106
134 54 110
135 41
136 81 96 126
137 8 15 83 116 131
138 58 84
139 26
140 21 91
141
142 49 52 123 129
