150 64
0 12
1
2 126
3
4
5 38
6 114
7
8
9 110
10
11 105
12 0 24
13
14 120 126
15 54 142
16
17
18
19 53
20 31
21 115
22
23 86 88
24 12 84
25 90
26
27 95 136
28
29
30
31 20 96
32 128 134
33
34 120 133
35
36
37 58
38 5 61 71
39 61
40 81
41
42 56 111
43
44
45
46 112
47
48
49
50 144
51
52
53 19
54 15
55
56 42
57 97 121
58 37 78
59 145
60
61 38 39
62
63 73
64
65
66 129
67
68 99
69
70 82 117
71 38 144
72 97
73 63
74
75
76
77
78 58
79
80
81 40
82 70
83
84 24
85
86 23 124
87
88 23 90
89 105 120
90 25 88 127
91 111
92
93
94 97 104 110
95 27
96 31
97 57 72 94 116 131
98
99 68
100
101
102 126
103
104 94
105 11 89
106 149
107 133
108
109
110 9 94
111 42 91 149
112 46
113
114 6
115 21
116 97
117 70
118 138
119
120 14 34 89
121 57
122
123 128 148
124 86
125
126 2 14 102
127 90 132
128 32 123
129 66
130
131 97
132 127
133 34 107
134 32
135
136 27
137
138 118
139
140
141
142 15
143
144 50 71
145 59
146
147
148 123
149 106 111
