59 107
0 1 2 3 4 5 13 14 27 30
1 0 2 3 4 5 6 24
2 0 1 3 4 5 38
3 0 1 2 4 5 27 30 36
4 0 1 2 3 5 28
5 0 1 2 3 4 19
6 1 7 8 9 10 11 12 31
7 6 8 9 10 11 12
8 6 7 9 10 11 12 18
9 6 7 8 10 11 12 51
10 6 7 8 9 11 12 14
11 6 7 8 9 10 12
12 6 7 8 9 10 11 44
13 0 14 15 16 17 18 19 20
14 0 10 13 15 16 17 18 19 20
15 13 14 16 17 18 19 20 47
16 13 14 15 17 18 19 20
17 13 14 15 16 18 19 20
18 8 13 14 15 16 17 19 20
19 5 13 14 15 16 17 18 20 52 56
20 13 14 15 16 17 18 19 41 48
21 22 23 24 25 27 32
22 21 23 24 25 53
23 21 22 24 25 47 52
24 1 21 22 23 25 55
25 21 22 23 24
26
27 0 3 21
28 4
29
30 0 3 38 57
31 6
32 21
33 43
34
35
36 3
37
38 2 30
39
40
41 20 43 48
42
43 33 41
44 12
45
46
47 15 23
48 20 41
49
50
51 9
52 19 23
53 22
54
55 24
56 19
57 30
58
