35 83
0 1 2 3 4 5 7
1 0 2 3 4 5 9 32
2 0 1 3 4 5
3 0 1 2 4 5
4 0 1 2 3 5
5 0 1 2 3 4 22
6 7 8 9 10 11 12
7 0 6 8 9 10 11 12
8 6 7 9 10 11 12 23
9 1 6 7 8 10 11 12 23
10 6 7 8 9 11 12
11 6 7 8 9 10 12
12 6 7 8 9 10 11 33
13 14 15 16 17 18 19 20
14 13 15 16 17 18 19 20 31
15 13 14 16 17 18 19 20
16 13 14 15 17 18 19 20
17 13 14 15 16 18 19 20
18 13 14 15 16 17 19 20
19 13 14 15 16 17 18 20
20 13 14 15 16 17 18 19 24
21 22 23 24 25
22 5 21 23 24 25
23 8 9 21 22 24 25
24 20 21 22 23 25
25 21 22 23 24
26
27
28
29
30
31 14
32 1
33 12
34
