56 323
0 1 3 6 11 12 13 14 15 17 19 29 34 48 54
1 0 4 13 17 27 28 32 35 37 44 51 55
2 13 19 25 27 29 36 37 38 48 53 54
3 0 7 16 18 24 28 30 31 32 37 48 50 51 53
4 1 8 9 12 18 23 25 52
5 7 16 34 39 40 46 48
6 0 13 14 15 23 27 30 33 43 47 54
7 3 5 10 18 20 22 32 42 43 44 45 50 51 54
8 4 13 18 21 23 25 31 41 47 49 50
9 4 22 28 30 33 41 43 46 47 49
10 7 12 13 21 22 25 27 32
11 0 16 30 33 36 42 46 47 51 52
12 0 4 10 14 16 17 23 27 29 31 33 35 36 38 41 47
13 0 1 2 6 8 10 23 28 37 40 45 52
14 0 6 12 29 31 36 37 38 39 43 51 54
15 0 6 16 18 21 22 23 30 38 42 46 49 51 53 54
16 3 5 11 12 15 17 22 25 36 38 39 42 43 52 55
17 0 1 12 16 21 23 43 49 50 51 55
18 3 4 7 8 15 26 29 33 36 39 51
19 0 2 26 34 36 43 49 51 53
20 7 23 27 34 38 44 51 52
21 8 10 15 17 23 28 29 31 41 42 43 45 47 49
22 7 9 10 15 16 33 34 41 45 49
23 4 6 8 12 13 15 17 20 21 28 32 37 41 46 51 53 54 55
24 3 36 38 39 40 48 54
25 2 4 8 10 16 35 38 43 50
26 18 19 31 33 42 45 48 49 53 55
27 1 2 6 10 12 20 34 38 39 44
28 1 3 9 13 21 23 37 41 42 46 55
29 0 2 12 14 18 21 36 42 44 51
30 3 6 9 11 15 31 33
31 3 8 12 14 21 26 30 35 36 41 46 50 52
32 1 3 7 10 23 33 35 39 50 54
33 6 9 11 12 18 22 26 30 32 34 40 49 55
34 0 5 19 20 22 27 33 39 43 46 49
35 1 12 25 31 32 38 41 43 46 49 50 52 55
36 2 11 12 14 16 18 19 24 29 31 38 48
37 1 2 3 13 14 23 28 45 49 51
38 2 12 14 15 16 20 24 25 27 35 36 39 44 45 48
39 5 14 16 18 24 27 32 34 38 47 48 49 55
40 5 13 24 33 47 49 51 54
41 8 9 12 21 22 23 28 31 35 45 51 54 55
42 7 11 15 16 21 26 28 29 47 53
43 6 7 9 14 16 17 19 21 25 34 35 45 51
44 1 7 20 27 29 38 46 47 51
45 7 13 21 22 26 37 38 41 43 46 48 51
46 5 9 11 15 23 28 31 34 35 44 45 49 53
47 6 8 9 11 12 21 39 40 42 44 50 52
48 0 2 3 5 24 26 36 38 39 45 51 54 55
49 8 9 15 17 19 21 22 26 33 34 35 37 39 40 46 50
50 3 7 8 17 25 31 32 35 47 49 55
51 1 3 7 11 14 15 17 18 19 20 23 29 37 40 41 43 44 45 48 53
52 4 11 13 16 20 31 35 47
53 2 3 15 19 23 26 42 46 51
54 0 2 6 7 14 15 23 24 32 40 41 48
55 1 16 17 23 26 28 33 35 39 41 48 50
