139 130
0 9 68
1 45
2 12
3 48 82
4
5 23 72
6 54
7 43 48
8 85
9 0 65
10 28
11 36 91 100
12 2 22 23 107
13 86
14 112
15 48 82 93 117
16 28 71
17 64 82 111
18 71 99
19 34 96
20 38
21 47 93
22 12
23 5 12
24 29 65 115
25 80
26
27 33 92
28 10 16 87 122
29 24 43 57 103
30 75 108
31 32 70 97
32 31 100
33 27 48 85
34 19 117
35 47 73
36 11 95
37
38 20 48 63
39 92
40 41
41 40
42 109
43 7 29
44 52 120
45 1 58 73 133
46 99
47 21 35
48 3 7 15 33 38 115
49 71
50
51 84
52 44 97
53 82
54 6 87
55
56
57 29 66
58 45 125 129
59 69
60
61 86
62 75 87 107
63 38 71
64 17 104
65 9 24
66 57 93
67
68 0
69 59 138
70 31
71 16 18 49 63 90 110 115 132
72 5
73 35 45 111 132
74 98
75 30 62 97
76
77 126
78 92
79 127
80 25
81 84
82 3 15 17 53 136 137
83
84 51 81
85 8 33 99 120
86 13 61
87 28 54 62 113
88 99
89
90 71 99
91 11 117
92 27 39 78 137
93 15 21 66
94
95 36
96 19 97
97 31 52 75 96 105
98 74 101
99 18 46 85 88 90 106 137
100 11 32 105 136
101 98 108
102 129
103 29
104 64 107
105 97 100
106 99 131
107 12 62 104
108 30 101
109 42 110
110 71 109
111 17 73 132
112 14 113
113 87 112
114
115 24 48 71
116
117 15 34 91 131
118 136
119 134
120 44 85
121
122 28
123
124
125 58 133
126 77
127 79
128
129 58 102
130
131 106 117
132 71 73 111
133 45 125 135
134 119
135 133
136 82 100 118
137 82 92 99
138 69
