49 86
0 11 14 36 37 45
1 5 43
2 7 22 23 26 28
3 44
4 19 37
5 1 38 43
6 7 23 29 34 39 41 42
7 2 6 11 12 30 31 47 48
8 29
9 10 14 31 38
10 9
11 0 7 24 29 37
12 7 38 40 45 48
13
14 0 9 25 43 45 47
15 28 46
16 39
17 19 23 25 30 35
18 27 43 45
19 4 17 45
20 24
21 26 28 37
22 2 27
23 2 6 17 24 39 42
24 11 20 23
25 14 17 29
26 2 21 28
27 18 22 32 44
28 2 15 21 26 43
29 6 8 11 25 34 46
30 7 17
31 7 9
32 27 36 40 42 44
33 41
34 6 29 38 40
35 17 36
36 0 32 35 38
37 0 4 11 21
38 5 9 12 34 36
39 6 16 23
40 12 32 34 41 42
41 6 33 40
42 6 23 32 40 43
43 1 5 14 18 28 42 46
44 3 27 32
45 0 12 14 18 19
46 15 29 43
47 7 14
48 7 12
