48 77
0 1 32
1 0 3 11 18 44
2 4 46
3 1 37 45
4 2 15 35 41 42
5 34 35 39 42
6 17 39 45
7 13 18 38 44 45
8 46
9 11 17 47
10 13 37 39 40 46
11 1 9
12 19 42 44
13 7 10
14 18 27 33
15 4 26 31
16
17 6 9 21 30 37 38 43 44 45
18 1 7 14 40
19 12 23 30 47
20
21 17 35
22 32 40
23 19 42
24 35 47
25 38 45
26 15
27 14 45
28 44
29 43
30 17 19 31
31 15 30
32 0 22 41
33 14
34 5 45 47
35 4 5 21 24 37 46
36 37 42 45
37 3 10 17 35 36
38 7 17 25
39 5 6 10 46
40 10 18 22 42
41 4 32 45
42 4 5 12 23 36 40
43 17 29
44 1 7 12 17 28
45 3 6 7 17 25 27 34 36 41
46 2 8 10 35 39
47 9 19 24 34
