36 194
0 1 2 5 9 10 12 15 19 23 31 33 34 35
1 0 2 3 7 8 11 13 18 26 27 28 29 31
2 0 1 10 14 22 27 28 29 33 35
3 1 5 6 7 11 15 20 23 29 31 34 35
4 8 10 12 17 19 23 24 25 29 30 35
5 0 3 8 12 14 17 19 20 25 29 33
6 3 7 17 19 20 21 22 26 32
7 1 3 6 13 16 19 22 23 35
8 1 4 5 9 11 15 16 18 25 26 27 31 32
9 0 8 11 13 18 20 24 31
10 0 2 4 11 17 20 21 26 27 31 32 33 34 35
11 1 3 8 9 10 14 17 19 26 27 28 31 33 34 35
12 0 4 5 13 14 17 20 26
13 1 7 9 12 15 23 27 29 30 33 35
14 2 5 11 12 16 18 22 24 25 33
15 0 3 8 13 19 21 22 26 27 31 32
16 7 8 14 23 28 29
17 4 5 6 10 11 12 18 23 24 25
18 1 8 9 14 17 19 20 21 26 27 30 31 35
19 0 4 5 6 7 11 15 18 22 24 27 28 29 30 31
20 3 5 6 9 10 12 18 21 23 28
21 6 10 15 18 20 26 30 31 32 35
22 2 6 7 14 15 19 24 25 26 29 30 32 34
23 0 3 4 7 13 16 17 20 26 29 31
24 4 9 14 17 19 22 25 26 27 28 35
25 4 5 8 14 17 22 24
26 1 6 8 10 11 12 15 18 21 22 23 24 30
27 1 2 8 10 11 13 15 18 19 24 30 33
28 1 2 11 16 19 20 24 33 34
29 1 2 3 4 5 13 16 19 22 23 30
30 4 13 18 19 21 22 26 27 29 35
31 0 1 3 8 9 10 11 15 18 19 21 23
32 6 8 10 15 21 22 35
33 0 2 5 10 11 13 14 27 28 34
34 0 3 10 11 22 28 33
35 0 2 3 4 7 10 11 13 18 21 24 30 32
