103 166
0 25
1 16 55 64
2 43 48 52 56 87
3 4 5 12 99
4 3 17
5 3 28 87
6 18 19 66
7 22 39 79 82
8 88
9 20
10
11 22
12 3 17 59 80
13 29 38 50
14 23 49 55
15 17 30 79
16 1 46 58 70 96 97
17 4 12 15 50 56 58
18 6 20 21 24 56
19 6 46
20 9 18 77 84 87
21 18
22 7 11 75 76
23 14 40 75 78
24 18 80 100
25 0
26 37 40 43
27 98
28 5 52 61 69
29 13 50
30 15 57 94 100
31 45 62
32 47 82 92
33 40 69 78 83 97
34 87
35 77
36 42
37 26 57
38 13 63 65 90
39 7 42
40 23 26 33 51
41 65 84
42 36 39 49 67
43 2 26 50 59 92
44 53 60 66
45 31 51 92
46 16 19 53 58 88
47 32 65 97 98
48 2 71
49 14 42
50 13 17 29 43 54 77
51 40 45 61 79
52 2 28
53 44 46 70 94
54 50 91
55 1 14 81 86 96
56 2 17 18 87
57 30 37 71 99
58 16 17 46 62 65 72
59 12 43 74 91 92
60 44 69
61 28 51 74
62 31 58 78 89 92 94
63 38 85 93 98
64 1 77 82 100
65 38 41 47 58 70 74
66 6 44
67 42 68
68 67
69 28 33 60 94
70 16 53 65 85 100
71 48 57 98
72 58 74 102
73 74 91
74 59 61 65 72 73
75 22 23
76 22
77 20 35 50 64 78 82
78 23 33 62 77 92 96
79 7 15 51 102
80 12 24 85
81 55
82 7 32 64 77
83 33 91 92 99
84 20 41
85 63 70 80
86 55
87 2 5 20 34 56
88 8 46
89 62
90 38 97 102
91 54 59 73 83
92 32 43 45 59 62 78 83
93 63
94 30 53 62 69 96
95 101
96 16 55 78 94
97 16 33 47 90
98 27 47 63 71
99 3 57 83 101
100 24 30 64 70
101 95 99
102 72 79 90
