123 649
0 9 15 33 34 50 71 72 76 87 105
1 10 18 21 39 49 53 68 73 84 111 115 116
2 27 29 32 38 39 74 88 89 103 108 111
3 4 5 24 25 47 55 78 85 100 103 105 116 117
4 3 17 57 61 66 70 75 83 93 98 105 112 114
5 3 9 24 29 30 31 50 72 95 96
6 22 39 54 66 84 97 109 110
7 19 26 43 60 64 85 93 99 103 104 108
8 15 16 35 66 67 68 99 110 113 114 116 121
9 0 5 10 15 24 36 38 39 70 80 99 104 114 117 120
10 1 9 13 30 36 75 82 84 98 103 104 114
11 32 36 41 86 99
12 15 57 70 74 86 106 110 114
13 10 26 30 42 45 71 72 77 82 106
14 26 30 31 82 95 115
15 0 8 9 12 19 21 28 51 87 103
16 8 27 36 53 67 74 82 109 110 116
17 4 32 34 53 58 61 73 83 96 102 117
18 1 23 25 27 35 39 52 80 110
19 7 15 20 22 25 26 30 32 33 51 55 64 83 92 121
20 19 29 38 48 62 71 77 78 89 90 99 102
21 1 15 30 55 70 73 80 87 90 98 113 119
22 6 19 43 60 86
23 18 27 49 57 65 76 86
24 3 5 9 30 45 47 53 57 58 59 60 61 82 96 101 114
25 3 18 19 27 30 37 39 47 89 90 98
26 7 13 14 19 28 35 47 48 49 61 122
27 2 16 18 23 25 34 35 36 44 49 51 59 60 78 97 98 117
28 15 26 30 33 35 57 82 97 98 100 106 121
29 2 5 20 48 51 76 77 85 88 105 109 120
30 5 10 13 14 19 21 24 25 28 44 61 100 105 108 111
31 5 14 32 37 72 78 93 120 121
32 2 11 17 19 31 35 57 63 88 96 102 110 115
33 0 19 28 48 93 108 117
34 0 17 27 45 54 58 68 116
35 8 18 26 27 28 32 37 46 77 86
36 9 10 11 16 27 56 67 77 95 103 115 120
37 25 31 35 60 84 107 120 122
38 2 9 20 64 65 80 87 96 98 117
39 1 2 6 9 18 25 49 62 68 95 99
40 42 51 101 103 105
41 11 47 59 61 63 78 80 95 109 111
42 13 40 53 77 82 92 97 103 121
43 7 22 67 72 99 101 107
44 27 30 47 56 109 110 117
45 13 24 34 60 74 75 82 92 98 104 111
46 35 77 83 87 95 96 122
47 3 24 25 26 41 44 48 50 53 54 58 72 73 89 90 103 106 111 115
48 20 26 29 33 47 49 50 54 58 95 97 98 120
49 1 23 26 27 39 48 60 85 97 99 108 113 115
50 0 5 47 48 59 70 72 84 92 117 119
51 15 19 27 29 40 53 69 86 99 102 115 122
52 18 74 75 77 82 92 100 119
53 1 16 17 24 42 47 51 65 71 89 90 121
54 6 34 47 48 55 57 59 69 81 86 103
55 3 19 21 54 57 61 80 113
56 36 44 66 67 79 82 99 107 119
57 4 12 23 24 28 32 54 55 60 96 112 113
58 17 24 34 47 48 62 67 80 88 102 114
59 24 27 41 50 54 75 85 100 109 115
60 7 22 24 27 37 45 49 57 76 80 82 104
61 4 17 24 26 30 41 55 70 72 86 87 99 104 107 116
62 20 39 58 63 64 80 82 83
63 32 41 62 67 87 90 111 112 114 115
64 7 19 38 62 70 81 87 90 101 104 115 122
65 23 38 53 66 71 76 82 95 99 107 108 109
66 4 6 8 56 65 78 115 119
67 8 16 36 43 56 58 63 68 89 99
68 1 8 34 39 67 84 107
69 51 54 77 80 88 93 94 101 109
70 4 9 12 21 50 61 64 88 89 102 107 111 113 119
71 0 13 20 53 65 87 90 95 97 99
72 0 5 13 31 43 47 50 61 86 115
73 1 17 21 47
74 2 12 16 45 52 78 97 98 105 117 119 120
75 4 10 45 52 59 85 112 113
76 0 23 29 60 65 77 80 86 87 88 90 100 102 121 122
77 13 20 29 35 36 42 46 52 69 76 88 91 105 122
78 3 20 27 31 41 66 74 94 100 110
79 56 93 96 100 101 104
80 9 18 21 38 41 55 58 60 62 69 76 108 115
81 54 64 94
82 10 13 14 16 24 28 42 45 52 56 60 62 65 86 101
83 4 17 19 46 62 86 104 106 114 116
84 1 6 10 37 50 68 94 104 108 121
85 3 7 29 49 59 75 106 117
86 11 12 22 23 35 51 54 61 72 76 82 83 93
87 0 15 21 38 46 61 63 64 71 76 90 93 95 112
88 2 29 32 58 69 70 76 77 118 119
89 2 20 25 47 53 67 70 93 97 106 108
90 20 21 25 47 53 63 64 71 76 87 94 111 112 122
91 77 96 108 110
92 19 42 45 50 52 93 95 114
93 4 7 31 33 69 79 86 87 89 92 100 122
94 69 78 81 84 90 117 118
95 5 14 36 39 41 46 48 65 71 87 92 114 122
96 5 17 24 32 38 46 57 79 91 98 104 108 114
97 6 27 28 42 48 49 71 74 89 111 115 120
98 4 10 21 25 27 28 38 45 48 74 96 101 106 119
99 7 8 9 11 20 39 43 49 51 56 61 65 67 71 106
100 3 28 30 52 59 76 78 79 93 102 122
101 24 40 43 64 69 79 82 98 110 111 112 118
102 17 20 32 51 58 70 76 100 120 121
103 2 3 7 10 15 36 40 42 47 54 122
104 7 9 10 45 60 61 64 79 83 84 96 117
105 0 3 4 29 30 40 74 77 115
106 12 13 28 47 83 85 89 98 99
107 37 43 56 61 65 68 70
108 2 7 30 33 49 65 80 84 89 91 96
109 6 16 29 41 44 59 65 69 112
110 6 8 12 16 18 32 44 78 91 101 113 122
111 1 2 30 41 45 47 63 70 90 97 101 117 118
112 4 57 63 75 87 90 101 109 116
113 8 21 49 55 57 70 75 110
114 4 8 9 10 12 24 58 63 83 92 95 96
115 1 14 32 36 47 49 51 59 63 64 66 72 80 97 105 121
116 1 3 8 16 34 61 83 112
117 3 9 17 27 33 38 44 50 74 85 94 104 111
118 88 94 101 111 122
119 21 50 52 56 66 70 74 88 98
120 9 29 31 36 37 48 74 97 102
121 8 19 28 31 42 53 76 84 102 115
122 26 37 46 51 64 76 77 90 93 95 100 103 110 118
