175 87
0 9 89 93 114
1
2
3
4
5 83 127
6
7
8
9 0 97
10 43
11 66
12
13 19 134
14 32
15
16
17 160
18 153
19 13
20 32
21
22 71 129 133 167
23 62 109
24
25 114
26
27 93 124
28
29 37
30
31 99
32 14 20 58 153
33 83 84 141 166
34
35
36
37 29 89 119
38 152
39 105 111
40
41 63
42
43 10 86
44 114
45
46
47 129 139
48
49
50
51 61 87 142
52
53
54
55 131 148
56 123
57
58 32
59 79 157
60 118
61 51
62 23 150
63 41
64
65 96
66 11 84
67
68
69
70 139
71 22 121 132 171
72
73
74
75
76 146
77
78
79 59
80
81
82
83 5 33
84 33 66
85 150
86 43
87 51
88
89 0 37 146
90 110 162
91 142
92 99
93 0 27 130
94
95
96 65
97 9 159 160
98
99 31 92
100 111 174
101
102
103 117
104
105 39
106 134
107
108 115
109 23
110 90
111 39 100
112 154
113
114 0 25 44
115 108
116
117 103
118 60
119 37
120
121 71 147
122 127 160
123 56
124 27
125 154
126
127 5 122 142
128
129 22 47 141
130 93
131 55
132 71 158
133 22
134 13 106
135 174
136
137
138
139 47 70 170
140
141 33 129
142 51 91 127
143
144
145
146 76 89
147 121
148 55
149
150 62 85 167
151
152 38
153 18 32 165
154 112 125
155
156
157 59
158 132
159 97
160 17 97 122
161 170
162 90
163 171
164
165 153
166 33
167 22 150
168
169
170 139 161
171 71 163
172
173
174 100 135
