57 119
0 38
1 20 28 29 54
2 3 4 22 23 53 56
3 2 15 16 25 27 29
4 2 45 51
5 14 22 43
6 33 35 41
7 26 33 42 46 53 56
8 32 48 49
9 32 33
10 14 35 42 52
11 26 28 53
12 13 38
13 12 23 24 31 38 51
14 5 10 15 37 41 45 48
15 3 14 24 50
16 3 24
17 19 26 34 35 48 50
18 21 37 42 56
19 17 23 41 54
20 1
21 18 46
22 2 5 31 46 50
23 2 13 19 25 26 28 30 33 36
24 13 15 16 25 31 42
25 3 23 24 30 40
26 7 11 17 23 40
27 3 53
28 1 11 23 33 36 38 51 53
29 1 3 43 50
30 23 25
31 13 22 24 56
32 8 9 44 54
33 6 7 9 23 28 38 46
34 17 38
35 6 10 17 49
36 23 28 43 44 50
37 14 18
38 0 12 13 28 33 34 52
39 55
40 25 26 42 51 52 53
41 6 14 19 55
42 7 10 18 24 40 53
43 5 29 36 48 55
44 32 36 49
45 4 14
46 7 21 22 33 51
47
48 8 14 17 43
49 8 35 44
50 15 17 22 29 36 55 56
51 4 13 28 40 46
52 10 38 40
53 2 7 11 27 28 40 42 56
54 1 19 32
55 39 41 43 50
56 2 7 18 31 50 53
