37 199
0 5 7 9 10 12 17 18 22 24 31
1 4 9 10 14 15 17 19 22 26 29 32 35 36
2 3 5 9 12 16 18 20 21 27 32
3 2 6 9 13 17 21 22 24 26 30 31 32 36
4 1 7 12 15 17 20 21 22 24 25 30 32 33 36
5 0 2 6 7 9 10 11 12 15 16 19 20 21 26 32 34 35 36
6 3 5 8 10 14 16 23 24 28 31 32 35
7 0 4 5 8 11 20 25 36
8 6 7 19 23 26 28 29
9 0 1 2 3 5 13 17 23 32 33 34
10 0 1 5 6 13 14 16 21 26 32
11 5 7 13 15 18 19 24 25 28 29
12 0 2 4 5 14 15 20 28 29 34
13 3 9 10 11 16 17 19 22 24 26 29 30 33
14 1 6 10 12 21 22 23 25 32 36
15 1 4 5 11 12 16 19 24 28 29 30
16 2 5 6 10 13 15 21 23 26 29 31 35
17 0 1 3 4 9 13 19 23 30 32 35 36
18 0 2 11 19 24 30 31 32 33 36
19 1 5 8 11 13 15 17 18 23 28 29 31 32 33 36
20 2 4 5 7 12 24 30 31 32 35
21 2 3 4 5 10 14 16 22 29 34
22 0 1 3 4 13 14 21 31 35
23 6 8 9 14 16 17 19 26 29 30 32 34
24 0 3 4 6 11 13 15 18 20 25 27
25 4 7 11 14 24 33 34 35
26 1 3 5 8 10 13 16 23 27 30 34
27 2 24 26
28 6 8 11 12 15 19 31
29 1 8 11 12 13 15 16 19 21 23 31 32 34
30 3 4 13 15 17 18 20 23 26 33 34
31 0 3 6 16 18 19 20 22 28 29 32
32 1 2 3 4 5 6 9 10 14 17 18 19 20 23 29 31 35 36
33 4 9 13 18 19 25 30
34 5 9 12 21 23 25 26 29 30
35 1 5 6 16 17 20 22 25 32
36 1 3 4 5 7 14 17 18 19 32
