167 464
0 2 38 50 88 95 103 110 124
1 54 59 76 82 91 115
2 0 5 95 118 132
3 92 100 103 117 157
4 11 50 62 70 86 151
5 2 42 71 75 81 128
6 39 49 53 58 80 145
7 51 76 82 92 136
8 49 73 98 118 134 158 162
9 29 62 66 102 151
10 15 98 112 161
11 4 159
12 13 83 86 124 144
13 12 21 45 76 82
14 60 76
15 10 77 96 118 147 160 162
16 117 125 127 137 156 160
17 52 72 94 107
18 20 47 95 111 131
19 42 118 140
20 18 38
21 13 22 52 80 100 128 160 164
22 21 53 69 89 113
23 33 45 52 77 81 122 130
24 69 98 124 140 166
25 153
26 41 87 127 132
27 75 77 88 96 134 137
28 56 69 74 98 124 139 147 151
29 9 41 76 91 97 112 117 120 138 143
30 121 151
31 101 123
32 39 45 54 59 66 77 120 148 156
33 23 45 132
34 40 62 151 160
35
36 45 86 99 109 130 140 158
37 91 99 125 139 162
38 0 20 40 109 110
39 6 32 43 45 47 81 89 96 155
40 34 38 42 46 56 73 126 134 135 154 156
41 26 29 62 67 87 142
42 5 19 40 80 106 107 114
43 39 130 139 154
44 46 74
45 13 23 32 33 36 39 103 109 112 113 115 150 163 164
46 40 44 70 87 89 101 119 126
47 18 39 54 62 70 76 109
48 58 72 74 84 103 116 156
49 6 8 85 112 126
50 0 4 64 70 104
51 7 66 103
52 17 21 23
53 6 22 62 104 105 118 119 139
54 1 32 47 128 140 148 153 162
55 61 81 152 162
56 28 40 79
57 109
58 6 48 113 146
59 1 32 62 63 73 105 125
60 14 114 148 160 163 165
61 55 70 85 97 116 135
62 4 9 34 41 47 53 59 133
63 59 66 76 86 93 159
64 50 95 98 108 109 150
65 131 135 144 150
66 9 32 51 63 75 82 126 127 132 139
67 41 87 88 115 148 165
68 82 88 107 111 154
69 22 24 28 121 132
70 4 46 47 50 61 76 80 97 100 161
71 5 94
72 17 48 86 164
73 8 40 59 128
74 28 44 48 81 91 115 125 146 156 160
75 5 27 66 101 103 127
76 1 7 13 14 29 47 63 70 107 148
77 15 23 27 32 81 139
78 126 127 128
79 56 114
80 6 21 42 70 83 121 163
81 5 23 39 55 74 77 127 128 130
82 1 7 13 66 68 107 109 114 131 166
83 12 80 98 157
84 48 89 93 113 137
85 49 61 100
86 4 12 36 63 72 122 130 146 148 153 154
87 26 41 46 67 97 135 144
88 0 27 67 68 106 158
89 22 39 46 84 107 158
90
91 1 29 37 74 104 126 147
92 3 7 109 117
93 63 84 104 108 130 132 136
94 17 71 104 114 128
95 0 2 18 64
96 15 27 39 112 131 132
97 29 61 70 87 122 140 160
98 8 10 24 28 64 83 147 160
99 36 37
100 3 21 70 85 107 140 146 147 160
101 31 46 75 140 149
102 9 147
103 0 3 45 48 51 75 105
104 50 53 91 93 94 150 153 160
105 53 59 103 125
106 42 88 157
107 17 42 68 76 82 89 100
108 64 93 148 151
109 36 38 45 47 57 64 82 92 131 134 138 139 152
110 0 38 156
111 18 68 120 142 146
112 10 29 45 49 96 155 157
113 22 45 58 84 163
114 42 60 79 82 94 116 118 122
115 1 45 67 74 131
116 48 61 114
117 3 16 29 92 119 120 137
118 2 8 15 19 53 114 120 162
119 46 53 117 165
120 29 32 111 117 118 131 133 163
121 30 69 80 138
122 23 86 97 114 132
123 31
124 0 12 24 28
125 16 37 59 74 105
126 40 46 49 66 78 91 130
127 16 26 66 75 78 81 146 160
128 5 21 54 73 78 81 94 164
129
130 23 36 43 81 86 93 126
131 18 65 82 96 109 115 120
132 2 26 33 66 69 93 96 122 135
133 62 120 153
134 8 27 40 109 139 144 147 148
135 40 61 65 87 132 137 151 152
136 7 93 139 144
137 16 27 84 117 135
138 29 109 121
139 28 37 43 53 66 77 109 134 136
140 19 24 36 54 97 100 101 155
141 153 156 160
142 41 111 157
143 29 158
144 12 65 87 134 136 164
145 6 146
146 58 74 86 100 111 127 145
147 15 28 91 98 100 102 134 153 162
148 32 54 60 67 76 86 108 134
149 101
150 45 64 65 104
151 4 9 28 30 34 108 135
152 55 109 135 163
153 25 54 86 104 133 141 147
154 40 43 68 86
155 39 112 140 165
156 16 32 40 48 74 110 141
157 3 83 106 112 142
158 8 36 88 89 143
159 11 63 163
160 15 16 21 34 60 74 97 98 100 104 127 141 162
161 10 70
162 8 15 37 54 55 118 147 160
163 45 60 80 113 120 152 159
164 21 45 72 128 144
165 60 67 119 155
166 24 82
