143 134
0 97
1 48 86
2 82 136 140
3 7 36 40 56
4 36 68
5
6 32 74
7 3 82
8 107
9 81 104
10 95
11 25 101
12 51 95
13 75 122
14 116
15 86 105 112 133
16 23 99 121
17 95 132
18 135
19
20 23 51 89
21 125
22 111 134
23 16 20 29
24 70 108
25 11 32
26 58 62 102
27
28 83 89
29 23 40 81
30
31 36
32 6 25 93
33 67 89
34 73 102 107
35 43 51
36 3 4 31
37
38 98
39 48 70
40 3 29 50 121
41
42 60 138
43 35
44 102 138
45 48 80 137
46
47
48 1 39 45 81 106
49
50 40 115 140
51 12 20 35 92 108 127
52 123 137
53 62 121
54 57 68 86 89
55 89 130
56 3 80 86
57 54 87
58 26 64
59
60 42 92
61
62 26 53 105 127
63
64 58 106
65 95 106
66
67 33 130
68 4 54 95
69 79 127
70 24 39
71
72 129
73 34
74 6
75 13
76
77
78 141
79 69 85
80 45 56
81 9 29 48 83
82 2 7
83 28 81 140
84
85 79
86 1 15 54 56 99
87 57 95 130
88 91
89 20 28 33 54 55
90
91 88
92 51 60 125 133
93 32 136
94 110
95 10 12 17 65 68 87 98
96
97 0
98 38 95
99 16 86
100 131
101 11
102 26 34 44 142
103 116 136
104 9
105 15 62 131 142
106 48 64 65 138
107 8 34
108 24 51
109 123
110 94
111 22 127
112 15 142
113 121
114
115 50 128 141
116 14 103
117
118
119
120
121 16 40 53 113 124
122 13
123 52 109
124 121
125 21 92
126
127 51 62 69 111
128 115
129 72
130 55 67 87
131 100 105
132 17
133 15 92
134 22
135 18
136 2 93 103
137 45 52
138 42 44 106 142
139
140 2 50 83
141 78 115
142 102 105 112 138
